0 4500 0 0 0
920 0 4500 0 0
1840 4500 0 0 0
2760 4391 109 0 0
3680 4500 0 0 0
4600 0 4500 0 0
5520 4500 0 0 0
6440 4376 124 0 0
7360 1625 2875 0 0
8280 1435 3065 0 0
9200 1784 2716 0 0
10120 1583 2917 0 0
11040 2183 2317 0 0
11960 2094 2406 0 0
12880 2209 2291 0 0
13800 2105 2395 0 0
14720 2142 2358 0 0
15640 2780 1720 0 0
16560 2074 2426 0 0
17480 2183 2317 0 0
18400 2368 2132 0 0
19320 2314 2186 0 0
20240 2420 2080 0 0
21160 2630 1870 0 0
22080 1989 2511 0 0
23000 2235 2265 0 0
23920 2061 2439 0 0
24840 2325 2175 0 0
25760 2195 2305 0 0
26680 2160 2340 0 0
27600 2184 2316 0 0
28520 1833 2667 0 0
29440 1886 2614 0 0
30360 1994 2506 0 0
31280 2057 2443 0 0
32200 2462 2038 0 0
33120 2266 2234 0 0
34040 1918 2582 0 0
34960 2058 2442 0 0
35880 1895 2605 0 0
36800 2248 2252 0 0
37720 1993 2507 0 0
38640 2121 2379 0 0
39560 2134 2366 0 0
40480 2026 2474 0 0
41400 1731 2769 0 0
42320 2150 2350 0 0
43240 1744 2756 0 0
44160 2211 2289 0 0
45080 1907 2593 0 0
46000 2022 2478 0 0
46920 2197 2303 0 0
47840 1879 2621 0 0
48760 2045 2455 0 0
49680 1632 2868 0 0
50600 1909 2591 0 0
51520 1849 2651 0 0
52440 1932 2568 0 0
53360 1619 2881 0 0
54280 1791 2709 0 0
55200 2009 2491 0 0
56120 1924 2576 0 0
57040 1931 2569 0 0
57960 2077 2423 0 0
58880 2141 2359 0 0
59800 1888 2612 0 0
60720 1722 2778 0 0
61640 1852 2648 0 0
62560 1957 2543 0 0
63480 2157 2343 0 0
64400 1853 2647 0 0
65320 1766 2734 0 0
66240 2352 2148 0 0
67160 1818 2682 0 0
68080 2176 2324 0 0
69000 2071 2429 0 0
69920 1810 2690 0 0
70840 2150 2350 0 0
71760 1890 2610 0 0
72680 2010 2490 0 0
73600 2250 2250 0 0
74520 2014 2486 0 0
75440 1875 2625 0 0
76360 1881 2619 0 0
77280 1974 2526 0 0
78200 2001 2499 0 0
79120 2134 2366 0 0
80040 2190 2310 0 0
80960 1906 2594 0 0
81880 1853 2647 0 0
82800 2141 2359 0 0
83720 2109 2391 0 0
84640 1881 2619 0 0
85560 1804 2696 0 0
86480 2000 2500 0 0
87400 2158 2342 0 0
88320 1831 2669 0 0
89240 1904 2596 0 0
90160 1915 2585 0 0
91080 1993 2507 0 0
92000 2074 2426 0 0
92920 1967 2533 0 0
93840 2032 2468 0 0
94760 2049 2451 0 0
95680 2032 2468 0 0
96600 2049 2451 0 0
97520 1897 2603 0 0
98440 1820 2680 0 0
99360 2088 2412 0 0
100280 1841 2659 0 0
101200 2201 2299 0 0
102120 1990 2510 0 0
103040 2143 2357 0 0
103960 2365 2135 0 0
104880 2002 2498 0 0
105800 1980 2520 0 0
106720 1808 2692 0 0
107640 2009 2491 0 0
108560 2186 2314 0 0
109480 1867 2633 0 0
110400 1853 2647 0 0
111320 2213 2287 0 0
112240 2271 2229 0 0
113160 2066 2434 0 0
114080 1878 2622 0 0
115000 2133 2367 0 0
115920 1673 2827 0 0
116840 1999 2501 0 0
117760 1994 2506 0 0
118680 2044 2456 0 0
119600 2154 2346 0 0
120520 2022 2478 0 0
121440 1976 2524 0 0
122360 1719 2781 0 0
123280 1873 2627 0 0
124200 2154 2346 0 0
125120 2023 2477 0 0
126040 2123 2377 0 0
126960 1662 2838 0 0
127880 1857 2643 0 0
128800 1884 2616 0 0
129720 1623 2877 0 0
130640 2384 2116 0 0
131560 1672 2828 0 0
132480 1977 2523 0 0
133400 2037 2463 0 0
134320 1988 2512 0 0
135240 2058 2442 0 0
136160 1805 2695 0 0
137080 1838 2662 0 0
137706 1830 2670 0 0
