91816 1911 2589 1029 3471
92000 2108 2392 1178 3322
92184 2162 2338 1201 3299
92368 2040 2460 1134 3366
92552 1879 2621 976 3524
92736 2014 2486 1120 3380
92920 2037 2462 1116 3385
93104 1872 2627 1006 3495
93288 2085 2416 1156 3343
93472 1855 2645 992 3508
93656 2036 2465 1132 3367
93840 2037 2463 1133 3367
94024 2076 2424 1169 3331
94208 2096 2403 1171 3330
94392 2291 2209 1327 3173
94576 1941 2560 1062 3437
94760 2188 2312 1236 3264
94944 1696 2803 878 3623
95128 2132 2368 1213 3287
95312 2147 2353 1217 3283
95496 2005 2494 1126 3375
95680 2038 2462 1118 3382
95864 2082 2418 1161 3339
96048 2059 2441 1126 3374
96232 1914 2586 1029 3471
96416 1853 2646 983 3518
96600 2045 2455 1153 3347
96784 2100 2400 1162 3338
96968 2304 2196 1339 3161
97152 1890 2609 1010 3491
97336 1581 2920 828 3671
97520 1951 2549 1078 3422
97704 2030 2470 1109 3391
97888 2072 2429 1185 3314
98072 1681 2819 864 3636
98256 1930 2571 1040 3459
98440 1791 2709 956 3544
98624 2099 2401 1158 3342
98808 2022 2478 1127 3373
98992 2097 2403 1176 3324
99176 1759 2740 942 3559
99360 2210 2289 1279 3222
99544 2564 1936 1580 2920
99728 2028 2472 1138 3362
99912 1933 2568 1052 3447
100096 2269 2231 1327 3173
100280 1827 2673 966 3534
100464 1909 2590 1033 3468
100648 2122 2378 1163 3337
100832 2212 2288 1242 3258
101016 1932 2569 1026 3473
101200 2264 2236 1260 3240
101384 2174 2325 1228 3273
101568 2156 2344 1172 3328
101752 2117 2382 1131 3370
101936 2101 2399 1157 3343
102120 2070 2430 1140 3360
102304 1841 2658 961 3540
102488 1949 2550 1057 3444
102672 1718 2782 884 3616
102856 2137 2363 1209 3291
103040 2126 2374 1172 3328
103224 2107 2394 1178 3321
103408 1923 2577 1031 3469
103592 2039 2460 1128 3373
103776 2050 2451 1090 3409
103960 2483 2018 1505 2994
104144 2044 2456 1147 3353
104328 2369 2132 1425 3074
104512 1952 2548 1065 3435
104696 2078 2423 1176 3323
104880 2023 2478 1103 3396
105064 1921 2579 1070 3430
105248 2233 2266 1288 3213
105432 1710 2790 876 3624
105616 1649 2851 859 3641
105800 1998 2502 1071 3429
105984 2206 2293 1258 3243
106168 2240 2261 1276 3223
106352 2026 2473 1095 3406
106536 2005 2495 1086 3414
106720 1845 2656 974 3525
106904 1833 2667 986 3514
107088 1935 2564 1033 3468
107272 2045 2455 1147 3353
107456 2107 2393 1166 3334
107640 2028 2473 1104 3395
107824 2076 2424 1163 3337
108008 2097 2403 1139 3361
108192 2294 2206 1338 3162
108376 1985 2515 1066 3434
108560 2360 2140 1380 3120
108744 1865 2635 1005 3495
108928 2559 1941 1589 2911
109112 2027 2473 1127 3373
109296 2333 2167 1378 3122
109480 1888 2612 1015 3485
109664 1936 2564 1084 3416
109848 2087 2413 1139 3361
110032 1715 2785 914 3586
110216 2075 2425 1173 3327
110400 1895 2604 1012 3489
110584 2176 2325 1218 3281
110768 2022 2479 1092 3407
110952 2189 2311 1222 3278
111136 1913 2586 999 3502
111320 2289 2212 1343 3156
111504 2132 2367 1198 3303
111688 2087 2413 1179 3321
111872 1599 2901 813 3687
112056 2135 2364 1207 3294
112240 2292 2207 1316 3185
112424 1886 2613 1051 3450
112608 1715 2784 897 3604
112792 1858 2641 1003 3498
112976 1820 2680 930 3570
113160 2205 2296 1251 3248
113344 2098 2401 1161 3340
113528 2229 2271 1297 3203
113712 1999 2502 1117 3382
113896 1989 2511 1140 3360
114080 1865 2634 1013 3488
114264 2029 2471 1114 3386
114448 2648 1852 1680 2820
114632 1952 2549 1066 3433
114816 2058 2442 1146 3354
115000 2176 2324 1236 3264
115184 1844 2657 1002 3497
115368 2001 2499 1104 3396
115552 1938 2562 1039 3461
115736 2057 2443 1153 3347
115920 1735 2764 915 3586
116104 2049 2451 1121 3379
116288 2023 2478 1144 3355
116472 2199 2302 1259 3240
116656 2229 2272 1319 3180
116840 1981 2518 1121 3380
117024 1841 2659 981 3519
117208 2170 2331 1229 3270
117392 1939 2562 1086 3413
117576 1989 2511 1089 3411
117760 2117 2384 1229 3270
117944 1948 2551 1095 3406
118128 2039 2461 1171 3329
118312 1697 2803 894 3606
118496 2045 2455 1139 3361
118680 2047 2453 1152 3348
118864 2238 2263 1308 3191
119048 2067 2432 1144 3357
119232 2143 2356 1195 3306
119416 1966 2534 1111 3389
119600 2159 2341 1262 3238
119784 1950 2550 1062 3438
119968 1919 2581 1032 3468
120152 2123 2377 1169 3331
120336 1794 2706 943 3557
120520 2077 2423 1162 3338
120704 2169 2332 1245 3254
120888 2063 2436 1178 3323
121072 1905 2594 1034 3467
121256 2123 2377 1195 3305
121440 1972 2529 1106 3393
121624 2129 2372 1211 3288
121808 1863 2636 1012 3489
121992 2247 2253 1323 3177
122176 1759 2741 933 3567
122360 1804 2696 965 3535
122544 1975 2525 1123 3377
122728 2282 2218 1338 3162
122912 1906 2594 1042 3458
123096 2075 2424 1177 3324
123280 1866 2634 1011 3489
123464 1846 2655 1004 3495
123648 1952 2548 1088 3412
123832 1782 2717 969 3532
124016 1986 2513 1115 3386
124200 2169 2331 1259 3241
124384 2111 2390 1203 3296
124568 2019 2481 1134 3366
124752 1953 2548 1079 3420
124936 1935 2565 1058 3442
125120 2096 2404 1162 3338
125304 2074 2425 1156 3345
125488 2043 2458 1160 3339
125672 2119 2381 1216 3284
125856 2013 2488 1144 3355
126040 2085 2415 1191 3309
126224 1671 2829 877 3623
126408 2237 2262 1305 3196
126592 2423 2078 1471 3028
126776 2122 2377 1171 3330
126960 1749 2751 932 3568
127144 2134 2365 1245 3256
127328 2260 2239 1321 3180
127512 1957 2543 1086 3414
127696 2347 2154 1372 3127
127880 1843 2656 1017 3484
128064 2152 2348 1221 3279
128248 2289 2210 1329 3172
128432 1913 2587 1040 3460
128616 1889 2612 1056 3443
128800 1876 2624 1032 3468
128984 2060 2440 1169 3331
129168 1983 2516 1073 3428
129352 2166 2333 1269 3232
129536 1662 2838 898 3602
129720 1654 2847 867 3632
129904 1838 2662 976 3524
130088 1972 2527 1102 3399
130272 2375 2125 1403 3097
130456 2327 2174 1376 3123
130640 2436 2065 1459 3040
130824 2146 2354 1272 3228
131008 2345 2155 1403 3097
131192 1947 2552 1075 3426
131376 2110 2390 1199 3301
131560 1780 2719 935 3566
131744 1966 2534 1106 3394
131928 2213 2286 1301 3200
132112 2014 2487 1137 3362
132296 1911 2589 1038 3462
132480 1968 2533 1078 3421
132664 1853 2647 1013 3487
132848 2093 2407 1175 3325
133032 2101 2400 1223 3276
133216 1902 2598 1016 3484
133400 2027 2473 1154 3346
133584 2024 2476 1147 3353
133768 2178 2323 1253 3246
133952 1979 2521 1125 3375
134136 1835 2664 1005 3496
134320 2035 2465 1154 3346
134504 1912 2587 1061 3440
134688 2157 2343 1277 3223
134872 2146 2354 1246 3254
135056 1890 2609 1063 3438
135240 2084 2416 1175 3325
135424 2201 2299 1307 3193
135608 1880 2620 1039 3461
135792 1765 2734 961 3540
135976 2107 2392 1200 3301
136160 1928 2572 1081 3419
136344 2081 2420 1181 3318
136528 1916 2584 1039 3461
136712 2468 2031 1496 3005
136896 2094 2407 1180 3319
137080 1829 2672 1010 3489
137264 2092 2408 1164 3336
137448 2075 2426 1160 3339
137632 1821 2679 986 3514
137706 1846 2654 989 3511
