49128 0.419004998099
49312 0.404871335582
49496 0.463036395403
49680 0.384537805801
49864 0.477562752621
50048 0.420571161858
50232 0.416549738857
50416 0.437707686198
50600 0.435992268775
50784 0.47216932556
50968 0.434417559689
51152 0.421129109628
51336 0.401668262583
51520 0.435606597014
51704 0.435585797245
51888 0.455931845783
52072 0.410251411394
52256 0.437245732913
52440 0.439905595854
52624 0.437936346621
52808 0.461333905058
52992 0.369247705111
53176 0.384360682855
53360 0.39869878371
53544 0.500032349285
53728 0.436440032985
53912 0.475282033652
54096 0.447336768014
54280 0.40728657072
54464 0.46927798361
54648 0.406300774261
54832 0.437540653921
55016 0.485707497323
55200 0.456568277032
55384 0.495041084949
55568 0.431815650242
55752 0.388050656508
55936 0.393310438773
56120 0.44863899284
56304 0.463057220068
56488 0.461465488915
56672 0.45400740808
56856 0.455457358328
57040 0.432618279765
57224 0.382609302643
57408 0.39927094792
57592 0.469507957511
57776 0.448490499005
57960 0.478434501322
58144 0.484405444388
58328 0.475609807077
58512 0.409780071806
58696 0.385150417321
58880 0.47228144761
59064 0.466283003993
59248 0.428017163306
59432 0.455597706951
59616 0.450501450122
59800 0.435132220155
59984 0.460693406037
60168 0.461094926541
60352 0.400478540879
60536 0.457146992989
60720 0.406992395717
60904 0.410107111059
61088 0.437480678125
61272 0.429988500419
61456 0.467812016304
61640 0.422759145019
61824 0.433001186607
62008 0.410094093883
62192 0.419093357384
62376 0.477675506812
62560 0.455537572431
62744 0.466449940875
62928 0.41582955284
63112 0.494530602046
63296 0.464348972685
63480 0.474063600173
63664 0.476091994054
63848 0.400528360548
64032 0.44649933634
64216 0.447755620113
64400 0.425807941922
64584 0.469685274487
64768 0.446600217428
64952 0.43217654153
65136 0.434022455374
65320 0.415276247014
65504 0.457373188791
65688 0.460919934749
65872 0.452337171054
66056 0.441827875158
66240 0.499623187973
66424 0.421250295973
66608 0.412063536524
66792 0.454742016284
66976 0.436213510296
67160 0.430252450139
67344 0.484841575149
67528 0.44867014731
67712 0.509601605516
67896 0.431226226903
68080 0.478933330127
68264 0.441931887811
68448 0.40785612326
68632 0.445729690525
68816 0.397059165229
69000 0.462203594018
69184 0.445859891874
69368 0.428821777368
69552 0.416943524444
69736 0.434929679355
69920 0.42008811905
70104 0.421893706252
70288 0.400375811076
70472 0.448522074241
70656 0.422611887312
70840 0.470984983716
71024 0.427105463574
71208 0.434433958894
71392 0.433376748086
71576 0.436005406847
71760 0.448075950046
71944 0.444459456422
72128 0.419273477977
72312 0.392282073053
72496 0.45741142504
72680 0.443997283438
72864 0.444927416412
73048 0.452418339997
73232 0.468746539161
73416 0.465056641827
73600 0.491995642274
73784 0.459592271623
73968 0.438454885488
74152 0.404259322382
74336 0.40580277905
74520 0.459500092938
74704 0.462038410892
74888 0.493031044281
75072 0.475765060669
75256 0.402965101991
75440 0.423118867195
75624 0.463574214128
75808 0.469564106617
75992 0.398038628215
76176 0.455516884756
76360 0.441464507004
76544 0.45049743325
76728 0.414104502755
76912 0.473754524664
77096 0.429210475144
77280 0.436953069816
77464 0.467419611932
77648 0.461060310856
77832 0.446405808393
78016 0.448943503991
78200 0.445418293169
78384 0.399159758454
78568 0.465452080677
78752 0.451990848233
78936 0.412052786013
79120 0.475364095895
79304 0.386489305167
79488 0.404416155968
79672 0.415020313084
79856 0.441216336747
80040 0.476409431295
80224 0.455955640267
80408 0.425286186648
80592 0.467481591373
80776 0.418744243083
80960 0.448539083843
81144 0.456518114909
81328 0.421859743521
81512 0.441234594476
81696 0.441367730971
81880 0.414693640185
82064 0.43137892682
82248 0.428900599187
82432 0.472801759687
82616 0.441033755946
82800 0.47557114152
82984 0.424788080694
83168 0.458785930589
83352 0.389130489011
83536 0.427402640772
83720 0.473929678399
83904 0.448382996653
84088 0.478906864385
84272 0.484303483024
84456 0.39390821579
84640 0.420571459163
84824 0.447324496367
85008 0.435412040035
85192 0.469350163881
85376 0.467191462546
85560 0.429576034217
85744 0.424406600261
85928 0.447671974237
86112 0.432179036101
86296 0.402152172265
86480 0.442191213043
86664 0.44499809712
86848 0.409150578087
87032 0.431298425352
87216 0.509221199509
87400 0.474804613907
87584 0.373880052718
87768 0.487773391323
87952 0.438679562363
88136 0.397260471306
88320 0.424624150454
88504 0.373745883504
88688 0.430738147402
88872 0.468317227277
89056 0.440341490258
89240 0.426672203419
89424 0.501009439264
89608 0.488891916608
89792 0.473234500157
89976 0.422999244032
90160 0.452770690134
90344 0.45636213088
90528 0.490477462396
90712 0.410258736809
90896 0.447141160346
91080 0.438600890287
91264 0.485387731223
91448 0.474083323564
91632 0.439646345964
91780 0.443822199777
91816 0.429177576019
92000 0.465607257523
92184 0.473253546642
92368 0.455294818807
92552 0.42134780449
92736 0.449030395191
92920 0.452645135176
93104 0.430234705994
93288 0.462721455189
93472 0.422901055886
93656 0.453629829307
93840 0.452991846339
94024 0.459071558164
94208 0.463327499479
94392 0.494929712369
94576 0.43628799173
94760 0.47884550557
94944 0.397843325929
95128 0.47332458975
95312 0.470870019972
95496 0.449113961226
95680 0.454815960012
95864 0.462030326191
96048 0.45697928937
96232 0.43017702504
96416 0.420246294366
96600 0.459029723892
96784 0.464614023682
96968 0.497300923639
97152 0.428108818036
97336 0.375974428503
97520 0.437567351629
97704 0.448930524062
97888 0.456920412727
98072 0.392507220222
98256 0.436231728311
98440 0.415660757396
98624 0.464333781305
98808 0.452816151431
98992 0.463478002736
99176 0.408791574958
99360 0.481014812982
99544 0.543130291977
99728 0.453135929184
99912 0.439454799429
100096 0.49389774131
100280 0.416822198661
100464 0.428835801599
100648 0.469080751317
100832 0.484033795692
101016 0.436119375183
101200 0.49017807079
101384 0.478938492921
101568 0.469870720423
101752 0.465255438245
101936 0.466346595197
102120 0.457610369818
102304 0.418263370398
102488 0.439313808133
102672 0.397327543918
102856 0.470843931396
103040 0.470965510056
103224 0.464199079797
103408 0.430325724307
103592 0.451521737241
103776 0.451199379183
103960 0.532619802291
104144 0.452052186777
104328 0.512013103932
104512 0.440260991349
104696 0.462630588471
104880 0.450874187274
105064 0.432787944691
105248 0.487323258609
105432 0.397180396834
105616 0.389009998207
105800 0.444629128707
105984 0.4828172952
106168 0.487168900237
106352 0.452201384547
106536 0.446600179748
106720 0.418680701114
106904 0.418734835454
107088 0.434262060447
107272 0.456610103238
107456 0.463770038695
107640 0.450612773977
107824 0.463722189482
108008 0.460701742798
108192 0.495838139238
108376 0.443109706486
108560 0.504625057544
108744 0.425315324154
108928 0.546295968688
109112 0.446607097209
109296 0.500823076785
109480 0.424196749224
109664 0.434777739264
109848 0.457340326816
110032 0.399192389079
110216 0.45967375338
110400 0.430673016654
110584 0.475126899852
110768 0.443879360625
110952 0.478985596226
111136 0.428527395406
111320 0.495822739237
111504 0.471858875103
111688 0.462231607869
111872 0.376049323066
112056 0.469022864289
112240 0.495504164104
112424 0.428101029752
112608 0.396036866148
112792 0.419236759527
112976 0.413345631171
113160 0.482594754652
113344 0.461131579804
113528 0.486162839762
113712 0.444097309694
113896 0.446299795387
114080 0.424160353168
114264 0.450451621661
114448 0.562189358121
114632 0.43893895755
114816 0.454738966803
115000 0.475882587876
115184 0.418758064291
115368 0.447405501482
115552 0.435445433829
115736 0.454382135854
115920 0.398153893868
116104 0.456415305483
116288 0.453410208015
116472 0.479538591332
116656 0.487395138549
116840 0.447089012153
117024 0.417909022888
117208 0.475777428086
117392 0.438799515931
117576 0.447825122927
117760 0.466356925741
117944 0.437029329127
118128 0.456276776522
118312 0.396624093361
118496 0.453809400385
118680 0.451877524849
118864 0.487946633787
119048 0.454674783405
119232 0.470571456333
119416 0.443510057888
119600 0.474095618926
119784 0.442075226923
119968 0.432207932232
120152 0.466361414553
120336 0.410596369354
120520 0.463418561891
120704 0.474159984027
120888 0.455453374112
121072 0.428798710908
121256 0.466891876888
121440 0.443022862339
121624 0.468030727249
121808 0.424368578283
121992 0.487872284685
122176 0.407185882558
122360 0.413331367175
122544 0.441236279269
122728 0.490716163501
122912 0.431938075891
123096 0.460172444325
123280 0.422277339802
123464 0.420873656665
123648 0.438322793891
123832 0.411999715887
124016 0.447143828036
124200 0.478149823588
124384 0.462888835515
124568 0.449830288692
124752 0.436922623767
124936 0.431909310664
125120 0.462572769817
125304 0.456553255744
125488 0.454881274284
125672 0.468840739386
125856 0.448044521631
126040 0.464776331474
126224 0.386670962703
126408 0.490365651101
126592 0.522872915523
126776 0.466009197919
126960 0.40525148362
127144 0.46747158376
127328 0.494305822594
127512 0.441352074361
127696 0.503801585001
127880 0.420868020224
128064 0.471021710698
128248 0.495550411228
128432 0.433119068712
128616 0.429449594497
128800 0.428931663775
128984 0.45980201888
129168 0.442353048149
129352 0.473923422134
129536 0.39202912424
129720 0.387041872585
129904 0.418123362773
130088 0.443076351022
130272 0.506030362541
130456 0.501480579189
130640 0.517882031162
130824 0.470310390271
131008 0.501922189279
131192 0.435742967164
131376 0.466902885247
131560 0.407234149494
131744 0.438845863209
131928 0.486303063059
132112 0.447366644445
132296 0.429405971934
132480 0.444411379542
132664 0.420869104564
132848 0.462205457299
133032 0.467832861142
133216 0.431046321051
133400 0.45236858158
133584 0.448277024253
133768 0.476194458501
133952 0.444103519723
134136 0.417589200958
134320 0.455339854984
134504 0.430489663793
134688 0.47782902879
134872 0.472202263918
135056 0.429894947509
135240 0.459481811279
135424 0.480559791166
135608 0.427807376689
135792 0.406473410244
135976 0.462319813511
136160 0.429521534446
136344 0.458032540463
136528 0.426604368118
136712 0.529108262732
136896 0.458780487018
137080 0.414023121604
137264 0.460302498941
137448 0.457246388069
137632 0.413604557351
137706 0.417172559088
