49128 0.731443626796
49312 0.725929332188
49496 0.739504728731
49680 0.72158730859
49864 0.754593876185
50048 0.734483436807
50232 0.732738483525
50416 0.734315324323
50600 0.737652210241
50784 0.747465997823
50968 0.732001929037
51152 0.731203793026
51336 0.724889584432
51520 0.731052761712
51704 0.733627977063
51888 0.75175201944
52072 0.730357960278
52256 0.732560950299
52440 0.745566903082
52624 0.729731970065
52808 0.745653954089
52992 0.714055712253
53176 0.720638462586
53360 0.725296036249
53544 0.754197008858
53728 0.732451754213
53912 0.752688415103
54096 0.742439875282
54280 0.735244904951
54464 0.750464864943
54648 0.732959567482
54832 0.739154635858
55016 0.753327917233
55200 0.748580901431
55384 0.759496421479
55568 0.742147829923
55752 0.732029996819
55936 0.737829988285
56120 0.748062865915
56304 0.756030969762
56488 0.750558072519
56672 0.753310412088
56856 0.746611128241
57040 0.733521683226
57224 0.729423719267
57408 0.737893942337
57592 0.749598454262
57776 0.741645013524
57960 0.74739225842
58144 0.758448498238
58328 0.756007758319
58512 0.735960182073
58696 0.725306648296
58880 0.757199047246
59064 0.758994471154
59248 0.738893938437
59432 0.752748361403
59616 0.746996956657
59800 0.73586717248
59984 0.753919212611
60168 0.745653008726
60352 0.736352126692
60536 0.750827341944
60720 0.739073858717
60904 0.738876206376
61088 0.751985891981
61272 0.744079469723
61456 0.756143003694
61640 0.744588045547
61824 0.740491482048
62008 0.735879928997
62192 0.740153392715
62376 0.761583373706
62560 0.750908603559
62744 0.760582000876
62928 0.735529255624
63112 0.764032837018
63296 0.754992135783
63480 0.765447886043
63664 0.751038745728
63848 0.740874190047
64032 0.744298720413
64216 0.752134104455
64400 0.747051796333
64584 0.757768495116
64768 0.754242354534
64952 0.747933728398
65136 0.746405204223
65320 0.738531232939
65504 0.75817270808
65688 0.762667396314
65872 0.757610082914
66056 0.747419426907
66240 0.764829086889
66424 0.745449257837
66608 0.746253438752
66792 0.755328283781
66976 0.748356957444
67160 0.7464270802
67344 0.761805942963
67528 0.752400054026
67712 0.773124034792
67896 0.748016635725
68080 0.763461613926
68264 0.753573999047
68448 0.744011404563
68632 0.754348123582
68816 0.741501141137
69000 0.758547418474
69184 0.755149839666
69368 0.744932257203
69552 0.739934942329
69736 0.750272015649
69920 0.744775608549
70104 0.748403974711
70288 0.743690249666
70472 0.757350330046
70656 0.749936085549
70840 0.762801489425
71024 0.750969343421
71208 0.751990084304
71392 0.746594118786
71576 0.755990967693
71760 0.759886585413
71944 0.758025355888
72128 0.748898748895
72312 0.742591866872
72496 0.758299499135
72680 0.759163950604
72864 0.754350128422
73048 0.759588838025
73232 0.75865532405
73416 0.759819088802
73600 0.773442611704
73784 0.76064044736
73968 0.75414354577
74152 0.750164791128
74336 0.7492761905
74520 0.763453002049
74704 0.764761025418
74888 0.775761522106
75072 0.767042502923
75256 0.74441462147
75440 0.751051180605
75624 0.763439337563
75808 0.764882217668
75992 0.743990572989
76176 0.757705381663
76360 0.753139714709
76544 0.757711166008
76728 0.750348467537
76912 0.768020799705
77096 0.751927752783
77280 0.761157700774
77464 0.767982812439
77648 0.763522953201
77832 0.761118059568
78016 0.762134771421
78200 0.762097259811
78384 0.754753708561
78568 0.763679882797
78752 0.761418203578
78936 0.752542447235
79120 0.767500408123
79304 0.739127401809
79488 0.750963240783
79672 0.752345531207
79856 0.762844474619
80040 0.772152313098
80224 0.763828365085
80408 0.7539003599
80592 0.762126473104
80776 0.756094059476
80960 0.764676588246
81144 0.766790586649
81328 0.75543871929
81512 0.758509646024
81696 0.765625858731
81880 0.752095335502
82064 0.75571278971
82248 0.753135456001
82432 0.766527125954
82616 0.763888485042
82800 0.77108730466
82984 0.753923966167
83168 0.766907845799
83352 0.751550930395
83536 0.761897377733
83720 0.768502746808
83904 0.768339375911
84088 0.772673752929
84272 0.779877512309
84456 0.744086319268
84640 0.757232718478
84824 0.769850888756
85008 0.759991959869
85192 0.764581832204
85376 0.768577465804
85560 0.755362049045
85744 0.756900232864
85928 0.765394678834
86112 0.759589707617
86296 0.745123918951
86480 0.76208694874
86664 0.764641754241
86848 0.756843987723
87032 0.762757768483
87216 0.781227283822
87400 0.771851069802
87584 0.746687974027
87768 0.778064604044
87952 0.76579582014
88136 0.753485190072
88320 0.761177900218
88504 0.741614315925
88688 0.764575799464
88872 0.772618244691
89056 0.761043231178
89240 0.762453498077
89424 0.784916362595
89608 0.776778940333
89792 0.769800471043
89976 0.763028242366
90160 0.773361493149
90344 0.774271220068
90528 0.784212012033
90712 0.754444358751
90896 0.770056313523
91080 0.769804292328
91264 0.77696079773
91448 0.769564827771
91632 0.765817524632
91780 0.76926973768
91816 0.761554318501
92000 0.772477537761
92184 0.770535921576
92368 0.76321236015
92552 0.754039996796
92736 0.76702738406
92920 0.763789890207
93104 0.765189282182
93288 0.769161346433
93472 0.758516916785
93656 0.762834571141
93840 0.766088428249
94024 0.770153822984
94208 0.767887101089
94392 0.770832454622
94576 0.759258435197
94760 0.767104855131
94944 0.750505721197
95128 0.771590884251
95312 0.769572276874
95496 0.762875129308
95680 0.763950668882
95864 0.767675917098
96048 0.768424208793
96232 0.761611826274
96416 0.756934645204
96600 0.772810016285
96784 0.766331337378
96968 0.775581567652
97152 0.763005436634
97336 0.750020922965
97520 0.764667668018
97704 0.759526518325
97888 0.768392104842
98072 0.74696003483
98256 0.761095190666
98440 0.756900318271
98624 0.769314786092
98808 0.766291972703
98992 0.765609069216
99176 0.756946180509
99360 0.779087703179
99544 0.792038275536
99728 0.768678876423
99912 0.763820050019
100096 0.786619258195
100280 0.75885480688
100464 0.758382601161
100648 0.770383545607
100832 0.773812418281
101016 0.761741537115
101200 0.776531519822
101384 0.778236544286
101568 0.771979035689
101752 0.770802579317
101936 0.771935991507
102120 0.76953695834
102304 0.759516792217
102488 0.763140865202
102672 0.747569357627
102856 0.769910437485
103040 0.772200439942
103224 0.769962839821
103408 0.760296665252
103592 0.766138141678
103776 0.763972371148
103960 0.790624178493
104144 0.773915741425
104328 0.789647900364
104512 0.763122531265
104696 0.771329183723
104880 0.767492029022
105064 0.767214164084
105248 0.782449526473
105432 0.761295484555
105616 0.755322567653
105800 0.770605180327
105984 0.77619292073
106168 0.77803636627
106352 0.769572268969
106536 0.767474377274
106720 0.759767894015
106904 0.756908143211
107088 0.765764385046
107272 0.773636965734
107456 0.771155152267
107640 0.770849699481
107824 0.772952713259
108008 0.770255518915
108192 0.77871941538
108376 0.7670248455
108560 0.782299713108
108744 0.760224260082
108928 0.799287282428
109112 0.767440641403
109296 0.782321107142
109480 0.765718879904
109664 0.768256295226
109848 0.770078190389
110032 0.757105965204
110216 0.771582432396
110400 0.762093524222
110584 0.781196678961
110768 0.767693856468
110952 0.777089259052
111136 0.765206989417
111320 0.787817364048
111504 0.784475358018
111688 0.773583600352
111872 0.749147506637
112056 0.774632454588
112240 0.782625242704
112424 0.767862846781
112608 0.758940961444
112792 0.759402075452
112976 0.757590250818
113160 0.779762748228
113344 0.771862271601
113528 0.78356021386
113712 0.76623485597
113896 0.769631539325
114080 0.76489791966
114264 0.771788320646
114448 0.809120064573
114632 0.770739320543
114816 0.770777114018
115000 0.779652201954
115184 0.763574195238
115368 0.770288090656
115552 0.77045107709
115736 0.773248751968
115920 0.757810060057
116104 0.77414696888
116288 0.776604732339
116472 0.780331405524
116656 0.784004386095
116840 0.773182693724
117024 0.767247661697
117208 0.780204728671
117392 0.768845965316
117576 0.776589523493
117760 0.774968429562
117944 0.766186351312
118128 0.774523502007
118312 0.758937225738
118496 0.777161727908
118680 0.781731786877
118864 0.78189341126
119048 0.773792856577
119232 0.775889705983
119416 0.776896799902
119600 0.783194683503
119784 0.779134492171
119968 0.771258713554
120152 0.779052467291
120336 0.771014367026
120520 0.782884763449
120704 0.783806364291
120888 0.778319033095
121072 0.765347898413
121256 0.777547319908
121440 0.772900460972
121624 0.778559576267
121808 0.768939574688
121992 0.78432952286
122176 0.770007420596
122360 0.766005086099
122544 0.775463691633
122728 0.785941744535
122912 0.769574466338
123096 0.77748335801
123280 0.772019303209
123464 0.770490474232
123648 0.781236915712
123832 0.767837893582
124016 0.777539502908
124200 0.784748009159
124384 0.776028600534
124568 0.775543955041
124752 0.772783333988
124936 0.769416410948
125120 0.776805499583
125304 0.775945275102
125488 0.781729255946
125672 0.783044755571
125856 0.781119518208
126040 0.781020650218
126224 0.760902132658
126408 0.789679473993
126592 0.798103999044
126776 0.778408375273
126960 0.764740524495
127144 0.778403892177
127328 0.788183247489
127512 0.776163942697
127696 0.792300812351
127880 0.772549864493
128064 0.782631526705
128248 0.789660482596
128432 0.773360541337
128616 0.778333820288
128800 0.778956021391
128984 0.783711812739
129168 0.778834042829
129352 0.788481797455
129536 0.772260706706
129720 0.765701891974
129904 0.774031449778
130088 0.780832936447
130272 0.792703477784
130456 0.789952251754
130640 0.796558001089
130824 0.79481728718
131008 0.78994917135
131192 0.77203855566
131376 0.783503891761
131560 0.767190596193
131744 0.776559026747
131928 0.792437833437
132112 0.775580199496
132296 0.775582090558
132480 0.783857293821
132664 0.776850910876
132848 0.787380693834
133032 0.788223321639
133216 0.776216340178
133400 0.784630478134
133584 0.776541338402
133768 0.784816526184
133952 0.780173410907
134136 0.773811069464
134320 0.783200250357
134504 0.778976387122
134688 0.791458710399
134872 0.787985746008
135056 0.780350721324
135240 0.78088502174
135424 0.790221177167
135608 0.776513562716
135792 0.772601506899
135976 0.784496967409
136160 0.777399989332
136344 0.780725438941
136528 0.773897588222
136712 0.806570873969
136896 0.787665396644
137080 0.771060732788
137264 0.787464451152
137448 0.785342055746
137632 0.774509607796
137706 0.779464460595
