49128 0.213284185086
49312 0.210348365545
49496 0.22840970779
49680 0.20130644877
49864 0.229736998432
50048 0.210947287793
50232 0.212539101028
50416 0.221862597776
50600 0.216830488096
50784 0.232014959634
50968 0.221390451089
51152 0.215215302793
51336 0.211006052662
51520 0.225767058937
51704 0.220979934413
51888 0.213636253632
52072 0.211528011432
52256 0.225804361586
52440 0.215150474529
52624 0.225399389985
52808 0.224029597991
52992 0.198253560754
53176 0.206591989052
53360 0.205714746415
53544 0.239183964875
53728 0.219176189508
53912 0.222747543762
54096 0.218091781344
54280 0.199092720093
54464 0.223985308483
54648 0.201979734548
54832 0.211734522888
55016 0.234012742764
55200 0.2206352165
55384 0.2316648707
55568 0.210635761504
55752 0.194300881486
55936 0.190239576868
56120 0.219170014276
56304 0.215843362771
56488 0.223273447755
56672 0.21253167683
56856 0.215136211557
57040 0.214364672424
57224 0.192189683188
57408 0.196655228521
57592 0.223552028812
57776 0.219811423597
57960 0.237916796667
58144 0.227723010924
58328 0.223336878299
58512 0.20034111325
58696 0.198386497044
58880 0.220338985961
59064 0.216579052678
59248 0.209591824139
59432 0.215513349336
59616 0.21733050989
59800 0.218389623742
59984 0.219139229801
60168 0.223974784237
60352 0.198437991821
60536 0.21824026598
60720 0.196535889104
60904 0.200929537434
61088 0.203004719618
61272 0.20378537115
61456 0.217988941789
61640 0.202017218192
61824 0.210295172185
62008 0.204630379058
62192 0.206476472284
62376 0.21913033319
62560 0.215600653468
62744 0.213008663956
62928 0.201945447847
63112 0.22531568289
63296 0.212432509989
63480 0.211953041629
63664 0.225484254805
63848 0.193967950671
64032 0.213020085649
64216 0.208342148151
64400 0.203062428962
64584 0.214716177408
64768 0.206663200599
64952 0.20176700757
65136 0.208020535582
65320 0.204009502704
65504 0.212455147686
65688 0.20584644288
65872 0.210569583006
66056 0.209700656721
66240 0.225451637226
66424 0.201369550077
66608 0.194865831497
66792 0.211838166562
66976 0.203709608795
67160 0.20408285695
67344 0.220578022535
67528 0.211099230175
67712 0.226195277417
67896 0.204408932972
68080 0.218944612525
68264 0.202493560286
68448 0.195971854581
68632 0.206375053524
68816 0.19135246094
69000 0.211742756323
69184 0.207410853022
69368 0.205412739924
69552 0.2040373756
69736 0.202041250185
69920 0.198163673366
70104 0.197445444612
70288 0.192131887062
70472 0.204687023309
70656 0.196774416604
70840 0.212342789018
71024 0.197208624783
71208 0.20363913866
71392 0.204820530167
71576 0.201658112825
71760 0.205501812931
71944 0.202582690325
72128 0.19389099647
72312 0.185680232525
72496 0.206683621425
72680 0.198369169169
72864 0.202947386444
73048 0.20222301499
73232 0.214123421554
73416 0.211480514437
73600 0.210798736788
73784 0.206019637233
73968 0.202968341584
74152 0.186760053414
74336 0.188980985858
74520 0.20430489846
74704 0.205038876776
74888 0.215973089241
75072 0.212580366653
75256 0.189552987187
75440 0.195401127761
75624 0.208955011686
75808 0.206225962527
75992 0.187519400741
76176 0.210130187945
76360 0.204887648931
76544 0.206314469529
76728 0.192339232576
76912 0.208862689037
77096 0.200043679903
77280 0.195157995889
77464 0.207695156151
77648 0.206341894354
77832 0.200732996935
78016 0.19974023693
78200 0.197718903418
78384 0.180309145278
78568 0.208435733215
78752 0.201807601917
78936 0.189273762763
79120 0.208138053845
79304 0.186826331612
79488 0.18622728016
79672 0.19084391045
79856 0.194641498635
80040 0.205739745805
80224 0.202608539402
80408 0.193720126688
80592 0.208975881619
80776 0.190197476396
80960 0.200055708021
81144 0.200691769413
81328 0.189709695788
81512 0.196009554634
81696 0.192010961758
81880 0.190258587083
82064 0.197030205493
82248 0.196115964644
82432 0.209149986627
82616 0.193876604576
82800 0.205974805029
82984 0.193660883767
83168 0.198323978645
83352 0.178423299586
83536 0.190914024299
83720 0.209658392744
83904 0.193016229318
84088 0.207157412046
84272 0.203884470657
84456 0.184298942483
84640 0.185716320819
84824 0.195369901679
85008 0.195526957839
85192 0.206089101645
85376 0.204559743662
85560 0.19550675739
85744 0.19169120192
85928 0.195181641151
86112 0.192306471122
86296 0.186780506721
86480 0.19685575248
86664 0.193169184895
86848 0.184393986493
87032 0.190047338407
87216 0.212916679584
87400 0.203183899067
87584 0.175597408297
87768 0.204215343262
87952 0.192399450557
88136 0.179546330621
88320 0.187810794162
88504 0.176744341894
88688 0.188331290727
88872 0.201673207015
89056 0.195852570044
89240 0.189968908413
89424 0.205041110694
89608 0.208630704757
89792 0.204601898712
89976 0.186751316899
90160 0.194166610555
90344 0.1904518839
90528 0.19877243662
90712 0.184935865319
90896 0.191677795255
91080 0.187565324758
91264 0.205149240472
91448 0.205046372761
91632 0.191077801864
91780 0.19178002137
91816 0.183842715113
92000 0.19517140855
92184 0.198349998906
92368 0.19994856501
92552 0.182840124466
92736 0.191409343066
92920 0.195211395941
93104 0.191546100503
93288 0.198264843746
93472 0.187525849093
93656 0.198238001974
93840 0.194048388218
94024 0.192649618491
94208 0.197677509894
94392 0.208785220516
94576 0.191410792211
94760 0.206046432542
94944 0.184459300822
95128 0.20478415906
95312 0.198318491893
95496 0.196872124014
95680 0.198919722531
95864 0.198856579182
96048 0.194273394617
96232 0.184869132711
96416 0.18446265336
96600 0.19765265752
96784 0.200611374198
96968 0.205334346313
97152 0.185504521696
97336 0.173451309413
97520 0.18720535976
97704 0.193663370882
97888 0.191226980837
98072 0.181143197038
98256 0.192363007056
98440 0.190057193894
98624 0.19771356929
98808 0.197025953444
98992 0.199820555208
99176 0.185286483292
99360 0.193229278977
99544 0.213481495569
99728 0.194268171497
99912 0.195296688296
100096 0.19619038057
100280 0.18304233513
100464 0.185938179836
100648 0.200214254478
100832 0.20388068679
101016 0.191237313349
101200 0.200238800393
101384 0.199078723602
101568 0.191992935563
101752 0.193700737302
101936 0.198717032194
102120 0.191895127743
102304 0.181902366045
102488 0.19180834373
102672 0.181038745948
102856 0.200380485136
103040 0.201199098541
103224 0.195091209132
103408 0.184095953474
103592 0.19074822153
103776 0.189598141513
103960 0.215164467253
104144 0.184182029732
104328 0.203515527597
104512 0.192919654647
104696 0.197886188582
104880 0.192392389915
105064 0.183686445098
105248 0.196494946102
105432 0.174013085005
105616 0.177137172175
105800 0.184317317702
105984 0.200572798943
106168 0.199002989617
106352 0.192195961239
106536 0.188743359692
106720 0.18174324972
106904 0.186312010889
107088 0.184083824059
107272 0.192528663806
107456 0.193122134684
107640 0.188000366001
107824 0.19888614684
108008 0.190566799596
108192 0.201672387893
108376 0.187455014261
108560 0.198404409351
108744 0.188273515612
108928 0.212754097559
109112 0.183635162683
109296 0.197761284065
109480 0.177338486312
109664 0.182978018381
109848 0.186853828152
110032 0.178789594445
110216 0.192782821851
110400 0.189489505963
110584 0.18867191519
110768 0.179759590317
110952 0.196619123736
111136 0.179467819481
111320 0.193663744574
111504 0.190279516601
111688 0.192943746985
111872 0.170401616919
112056 0.193017587093
112240 0.197324956061
112424 0.182869193964
112608 0.17248064365
112792 0.179923182478
112976 0.179567568575
113160 0.197204760821
113344 0.189614298925
113528 0.194265549202
113712 0.186722027916
113896 0.190183969543
114080 0.18290159785
114264 0.186594008451
114448 0.209126447384
114632 0.184849389655
114816 0.188397235857
115000 0.191458026674
115184 0.179450218801
115368 0.188866861652
115552 0.182033670895
115736 0.185897228221
115920 0.172392877827
116104 0.190796301688
116288 0.189559311038
116472 0.19220436092
116656 0.196399534332
116840 0.190539535111
117024 0.176038983758
117208 0.192376637751
117392 0.189010263255
117576 0.187406009934
117760 0.192308874738
117944 0.185677749662
118128 0.192601411523
118312 0.177271476293
118496 0.184458887234
118680 0.176617975575
118864 0.197247169367
119048 0.183450664471
119232 0.192856257267
119416 0.184852467202
119600 0.189027323147
119784 0.184324024086
119968 0.18012019517
120152 0.187083709479
120336 0.171649625887
120520 0.189571553786
120704 0.186156982829
120888 0.182024862421
121072 0.181641346915
121256 0.189432261604
121440 0.185799206941
121624 0.18931406639
121808 0.180842111553
121992 0.192204546478
122176 0.174350025058
122360 0.177343463265
122544 0.179810877518
122728 0.186971900236
122912 0.183852123619
123096 0.188546971596
123280 0.174510254108
123464 0.177787914582
123648 0.175619353627
123832 0.178615971812
124016 0.186035268427
124200 0.192859620025
124384 0.186303879885
124568 0.184769469524
124752 0.179490925549
124936 0.177298691151
125120 0.188599474647
125304 0.183390761662
125488 0.18321714632
125672 0.189211041656
125856 0.178559003903
126040 0.191745522124
126224 0.165624555847
126408 0.194359894334
126592 0.201946584739
126776 0.18712360501
126960 0.176699563412
127144 0.186909407793
127328 0.197672066334
127512 0.183693078555
127696 0.189452612583
127880 0.17683577663
128064 0.185423616982
128248 0.190926902919
128432 0.181521876161
128616 0.177136308693
128800 0.178685591029
128984 0.186337192916
129168 0.177153599639
129352 0.181881655762
129536 0.169356506178
129720 0.16705463266
129904 0.17238366934
130088 0.179500574822
130272 0.185630998445
130456 0.192707082382
130640 0.189138853078
130824 0.17447699997
131008 0.18850071691
131192 0.179172625941
131376 0.18739321004
131560 0.171587781297
131744 0.176831625041
131928 0.189944249915
132112 0.181575691541
132296 0.173885476496
132480 0.180680799478
132664 0.171668391645
132848 0.179450255775
133032 0.187357712182
133216 0.178346792037
133400 0.180029372395
133584 0.179938182639
133768 0.186836359743
133952 0.180286655522
134136 0.172218657148
134320 0.184672145214
134504 0.172930090926
134688 0.189096965952
134872 0.184321485429
135056 0.176019358199
135240 0.182244936029
135424 0.184098412049
135608 0.177590724121
135792 0.170110538775
135976 0.178529151612
136160 0.16874794929
136344 0.180543316607
136528 0.169091283862
136712 0.191945424458
136896 0.17266291296
137080 0.1696287388
137264 0.176073759729
137448 0.176620456318
137632 0.168286118807
137706 0.165179020964
