49128 0.708513326966
49312 0.721036438879
49496 0.668632035159
49680 0.735699029946
49864 0.657435535518
50048 0.709479285337
50232 0.709713200334
50416 0.685596132664
50600 0.695552186888
50784 0.660715776907
50968 0.693479167911
51152 0.706195327263
51336 0.721082381649
51520 0.687823324229
51704 0.693983606933
51888 0.676468604141
52072 0.713127983572
52256 0.688773810077
52440 0.689335597296
52624 0.690625425244
52808 0.66882691938
52992 0.750623429
53176 0.734293354345
53360 0.728180471207
53544 0.634377325888
53728 0.69387873065
53912 0.664014896913
54096 0.686196554587
54280 0.720263908795
54464 0.663027551018
54648 0.722820064275
54832 0.697499342275
55016 0.648771333231
55200 0.679241466471
55384 0.643502138627
55568 0.699365502083
55752 0.738643832648
55936 0.733681041104
56120 0.683788872621
56304 0.675871092091
56488 0.674279169408
56672 0.682912570233
56856 0.683447652098
57040 0.702910230505
57224 0.744643748341
57408 0.728862852318
57592 0.667272753421
57776 0.684883405683
57960 0.650525523917
58144 0.653983728623
58328 0.664105350873
58512 0.724730993388
58696 0.739130169028
58880 0.665674628745
59064 0.672726839998
59248 0.706404880569
59432 0.680331735189
59616 0.682958873516
59800 0.695573535458
59984 0.673240330583
60168 0.67249958151
60352 0.728254798289
60536 0.677487795706
60720 0.722864048455
60904 0.7199256245
61088 0.697598826234
61272 0.704758232834
61456 0.669465122604
61640 0.709265689001
61824 0.698758736097
62008 0.717571699402
62192 0.712928521006
62376 0.660114367122
62560 0.68281276392
62744 0.671820124767
62928 0.716136187271
63112 0.645870315773
63296 0.676865724227
63480 0.664795552044
63664 0.656767258182
63848 0.731986131798
64032 0.690431536962
64216 0.689035219906
64400 0.709644067824
64584 0.671186422041
64768 0.692083112039
64952 0.705940634041
65136 0.701208313534
65320 0.715622564438
65504 0.680520228904
65688 0.680263373266
65872 0.685777381831
66056 0.693187015822
66240 0.646179997529
66424 0.711650642677
66608 0.720327992036
66792 0.683800700028
66976 0.702733206986
67160 0.705860054578
67344 0.657147550713
67528 0.690690492484
67712 0.637432498107
67896 0.70424666258
68080 0.662760409145
68264 0.70006688808
68448 0.725889032569
68632 0.692806260542
68816 0.73539915956
69000 0.679426947229
69184 0.692987976464
69368 0.706889758517
69552 0.71763994652
69736 0.703442902438
69920 0.716448869079
70104 0.715833353694
70288 0.731269784528
70472 0.691448588752
70656 0.712398128695
70840 0.671044993079
71024 0.711150382545
71208 0.702706400439
71392 0.705087043566
71576 0.702398447669
71760 0.69381442372
71944 0.695590383052
72128 0.719699779726
72312 0.740951209494
72496 0.688128065323
72680 0.696193314387
72864 0.692713842689
73048 0.692414941415
73232 0.67401287707
73416 0.679526410997
73600 0.654845769012
73784 0.684833691645
73968 0.70110467563
74152 0.732872318633
74336 0.729174371816
74520 0.683448105823
74704 0.685239052042
74888 0.651426254445
75072 0.667130947173
75256 0.730388526137
75440 0.716782606347
75624 0.68073632956
75808 0.675290140999
75992 0.737663900001
76176 0.686274428389
76360 0.697270718986
76544 0.692024942746
76728 0.725879851918
76912 0.673458835939
77096 0.709067492473
77280 0.70494997538
77464 0.680493612304
77648 0.682885514123
77832 0.696249508764
78016 0.694447726351
78200 0.697406847074
78384 0.737971383408
78568 0.677592211208
78752 0.692958295693
78936 0.727134498331
79120 0.670141505817
79304 0.745892733111
79488 0.729880054239
79672 0.723117320377
79856 0.699158589807
80040 0.669848155562
80224 0.688059990864
80408 0.711701025867
80592 0.678548151748
80776 0.719552179208
80960 0.69593651613
81144 0.687571482234
81328 0.718994863998
81512 0.703450710994
81696 0.704445982403
81880 0.724409037262
82064 0.705280866967
82248 0.71406781766
82432 0.673081237996
82616 0.703103573794
82800 0.669325622604
82984 0.716190837298
83168 0.688627180365
83352 0.746147083739
83536 0.712873089416
83720 0.671813179694
83904 0.701620695973
84088 0.667908769841
84272 0.663517142548
84456 0.73863769432
84640 0.723306928265
84824 0.697154815523
85008 0.706506276291
85192 0.677226841048
85376 0.678403936686
85560 0.708304623221
85744 0.718157495207
85928 0.698942019934
86112 0.709485888077
86296 0.733633986031
86480 0.703346647655
86664 0.702359548106
86848 0.728399615748
87032 0.71146997135
87216 0.640794767933
87400 0.671601198066
87584 0.757145021824
87768 0.660458572098
87952 0.706687076404
88136 0.738929919408
88320 0.714696676387
88504 0.756216857777
88688 0.71024923516
88872 0.677052123939
89056 0.703325150285
89240 0.714530947608
89424 0.652473721527
89608 0.658460526149
89792 0.676220705042
89976 0.718082708573
90160 0.692914092858
90344 0.692688054055
90528 0.658955981868
90712 0.73024719121
90896 0.697765284106
91080 0.706878577094
91264 0.661869318486
91448 0.677621285769
91632 0.705673131633
91780 0.70179668223
91816 0.719517294243
92000 0.688648655083
92184 0.684747088594
92368 0.697136327704
92552 0.729653442296
92736 0.703756755433
92920 0.699951087814
93104 0.720877047648
93288 0.691741204448
93472 0.7225935576
93656 0.696348372247
93840 0.700292693342
94024 0.693153885328
94208 0.690962241428
94392 0.660640928149
94576 0.711391549691
94760 0.676435145638
94944 0.744995698747
95128 0.680877742177
95312 0.683277180737
95496 0.700760652929
95680 0.698555183163
95864 0.693375813704
96048 0.697059119238
96232 0.71770847966
96416 0.727062868486
96600 0.693468622283
96784 0.688740053186
96968 0.658799526584
97152 0.723272639446
97336 0.761187849273
97520 0.712961857126
97704 0.701698684193
97888 0.693003353186
98072 0.746678616705
98256 0.713936506173
98440 0.729394915294
98624 0.691685102796
98808 0.69763580483
98992 0.689924126739
99176 0.735944385778
99360 0.674443926901
99544 0.619781329829
99728 0.70017159881
99912 0.711974710061
100096 0.665228003643
100280 0.730269834051
100464 0.718691514442
100648 0.689826184331
100832 0.674771146812
101016 0.716798611757
101200 0.67223290207
101384 0.680503513151
101568 0.688711037004
101752 0.694227503493
101936 0.691362557166
102120 0.696840033372
102304 0.731879060066
102488 0.709856111328
102672 0.745190614244
102856 0.684220765298
103040 0.68746014621
103224 0.691885496779
103408 0.719229211556
103592 0.700278082501
103776 0.703558376408
103960 0.631295640864
104144 0.701016392221
104328 0.647368687944
104512 0.709069695446
104696 0.689320402096
104880 0.704729945062
105064 0.717223234951
105248 0.67022989523
105432 0.747019329354
105616 0.753381145099
105800 0.709667792364
105984 0.674154539905
106168 0.670625822887
106352 0.704502496559
106536 0.704562767992
106720 0.729114178682
106904 0.726915711963
107088 0.716063069146
107272 0.694090355405
107456 0.69158264685
107640 0.70361400593
107824 0.691019843434
108008 0.694098857036
108192 0.662287185791
108376 0.708993912457
108560 0.654024118189
108744 0.723152511463
108928 0.616748845575
109112 0.705366293788
109296 0.655860620944
109480 0.724772870771
109664 0.713688123177
109848 0.697351649667
110032 0.744037640734
110216 0.69587550146
110400 0.72072139036
110584 0.686444010542
110768 0.710451599976
110952 0.681383045187
111136 0.727251358678
111320 0.664132170861
111504 0.685771361267
111688 0.688523754654
111872 0.763120842239
112056 0.686441592689
112240 0.663590087559
112424 0.718761052923
112608 0.747702392224
112792 0.728784991945
112976 0.735466934528
113160 0.676606791255
113344 0.693508327659
113528 0.669708057231
113712 0.704170390139
113896 0.702206812091
114080 0.725451465488
114264 0.703018438486
114448 0.604758204996
114632 0.712774032893
114816 0.700102271597
115000 0.679834820376
115184 0.728909937652
115368 0.704946106438
115552 0.716370815772
115736 0.699079947653
115920 0.747149609102
116104 0.699910152998
116288 0.698542094794
116472 0.676117682541
116656 0.667183137797
116840 0.702669511203
117024 0.729433905987
117208 0.680297061594
117392 0.7103145801
117576 0.706046646032
117760 0.6842848058
117944 0.711671646487
118128 0.696106394661
118312 0.748310014833
118496 0.699560878006
118680 0.701159652859
118864 0.669134866565
119048 0.700125579832
119232 0.687003190092
119416 0.705497803533
119600 0.684275115416
119784 0.713381909535
119968 0.720443259631
120152 0.693294658278
120336 0.73977615643
120520 0.692967235365
120704 0.681714981098
120888 0.69425911654
121072 0.721662215248
121256 0.688215717949
121440 0.707165480148
121624 0.686156058942
121808 0.722263848877
121992 0.669468217432
122176 0.740761299131
122360 0.735259198591
122544 0.708714692952
122728 0.666673262312
122912 0.718188844834
123096 0.692467552797
123280 0.72903695164
123464 0.727599636266
123648 0.715995176625
123832 0.733191289432
124016 0.706585538265
124200 0.677944752041
124384 0.691791983735
124568 0.702344051892
124752 0.714867027086
124936 0.718611308531
125120 0.694763789859
125304 0.698662396737
125488 0.697331618913
125672 0.684846424792
125856 0.701983161689
126040 0.687733507559
126224 0.752209781863
126408 0.668422090509
126592 0.639296922233
126776 0.692357533337
126960 0.737604852289
127144 0.684841759977
127328 0.666837900308
127512 0.711502315063
127696 0.657510508022
127880 0.725351418463
128064 0.685950119943
128248 0.667935298082
128432 0.720494128929
128616 0.721009450311
128800 0.723079823148
128984 0.695788833913
129168 0.713153532559
129352 0.682414653399
129536 0.753626248787
129720 0.75547346845
129904 0.73117434041
130088 0.708180679014
130272 0.655192911009
130456 0.660413032348
130640 0.646575991645
130824 0.682812669504
131008 0.654752515457
131192 0.714179027769
131376 0.689701443445
131560 0.742451188447
131744 0.71196759231
131928 0.673095560337
132112 0.702691867404
132296 0.720810928338
132480 0.712435894142
132664 0.728398379772
132848 0.69625612542
133032 0.686867211011
133216 0.722640287918
133400 0.701305213518
133584 0.703329764845
133768 0.681904489716
133952 0.707505223417
134136 0.730428376463
134320 0.698664307584
134504 0.719245214098
134688 0.676961731421
134872 0.68170038509
135056 0.718756103969
135240 0.693128041843
135424 0.673766448141
135608 0.720750698364
135792 0.73751212022
135976 0.692998350089
136160 0.719006859216
136344 0.695510406306
136528 0.726888423607
136712 0.636304596231
136896 0.696409201372
137080 0.730938777061
137264 0.698303600532
137448 0.700585665195
137632 0.734130127125
137706 0.732018441449
