49128 0.298355846943
49312 0.3045559833
49496 0.290287366174
49680 0.312567138633
49864 0.275395881549
50048 0.299069232417
50232 0.295987300846
50416 0.299464807586
50600 0.295770898399
50784 0.282323584183
50968 0.301752474027
51152 0.300646769566
51336 0.300865685249
51520 0.29491806511
51704 0.294562505961
51888 0.281386782134
52072 0.293489340533
52256 0.292795636338
52440 0.286532513193
52624 0.299666770337
52808 0.287171645555
52992 0.313680566292
53176 0.308717132852
53360 0.306883631355
53544 0.279458521499
53728 0.293221343941
53912 0.280398033421
54096 0.288119766064
54280 0.299341361803
54464 0.283280216163
54648 0.294770817095
54832 0.290273038187
55016 0.278420334072
55200 0.278391702118
55384 0.274311444465
55568 0.29270038751
55752 0.305918238289
55936 0.302215092728
56120 0.28575784581
56304 0.277051357534
56488 0.283207075687
56672 0.279958260276
56856 0.288004673156
57040 0.293817909828
57224 0.308108868899
57408 0.300640640498
57592 0.282096799217
57776 0.289896048211
57960 0.279506274308
58144 0.272920752593
58328 0.272888339158
58512 0.296862910664
58696 0.313731295735
58880 0.274662991597
59064 0.270711466619
59248 0.288822858829
59432 0.279704484646
59616 0.283422257216
59800 0.289922675494
59984 0.27315301331
60168 0.283373302225
60352 0.300731951801
60536 0.286982542405
60720 0.296026315746
60904 0.291304779017
61088 0.274103022769
61272 0.286259617516
61456 0.2781686025
61640 0.289148293447
61824 0.290368712951
62008 0.295161933679
62192 0.288409558276
62376 0.267599156713
62560 0.280452450527
62744 0.272622141065
62928 0.29098283766
63112 0.266852729316
63296 0.27664574651
63480 0.267472093202
63664 0.279530746078
63848 0.291046422539
64032 0.287884307441
64216 0.280458015575
64400 0.279471802419
64584 0.27313436885
64768 0.278642822154
64952 0.28266025898
65136 0.284931439899
65320 0.295227831902
65504 0.271391306992
65688 0.274845846436
65872 0.277828805659
66056 0.282422513335
66240 0.265583413942
66424 0.282232315619
66608 0.287227168042
66792 0.277872073128
66976 0.286239660921
67160 0.288191360886
67344 0.268849934904
67528 0.273407106852
67712 0.261111329126
67896 0.286985533279
68080 0.26693894528
68264 0.278758661502
68448 0.290003812679
68632 0.276947289995
68816 0.291040624419
69000 0.273770318557
69184 0.273912388565
69368 0.282407577317
69552 0.291256343073
69736 0.28359377069
69920 0.28699561413
70104 0.283646172396
70288 0.289103974647
70472 0.274775876631
70656 0.280692889739
70840 0.271318779698
71024 0.282960368271
71208 0.283121263059
71392 0.279729919712
71576 0.274972307514
71760 0.270842840456
71944 0.275930593869
72128 0.287847573767
72312 0.291432674181
72496 0.267367334085
72680 0.279064709177
72864 0.279278671039
73048 0.270224271816
73232 0.272028926009
73416 0.273150270148
73600 0.264485929152
73784 0.269076864526
73968 0.276648136088
74152 0.279812890194
74336 0.287562560308
74520 0.274040323136
74704 0.263913637618
74888 0.256444092053
75072 0.267818227589
75256 0.295719788419
75440 0.278576853662
75624 0.266881447867
75808 0.273398807809
75992 0.28987657257
76176 0.273217574506
76360 0.28180413071
76544 0.273885289903
76728 0.278991980616
76912 0.27050982742
77096 0.2778586627
77280 0.272813217213
77464 0.266587817644
77648 0.265323686963
77832 0.268984723093
78016 0.270170022357
78200 0.274448633682
78384 0.278576328475
78568 0.269616586931
78752 0.275498379498
78936 0.285650756887
79120 0.27035658053
79304 0.293026075334
79488 0.286759476083
79672 0.281397899843
79856 0.272886523721
80040 0.26297085026
80224 0.268553510773
80408 0.281952101372
80592 0.267136377352
80776 0.28266659935
80960 0.270572229619
81144 0.268031822033
81328 0.275797339017
81512 0.274513351701
81696 0.26660209797
81880 0.278224833691
82064 0.276882810921
82248 0.276030936012
82432 0.265328263471
82616 0.27677382074
82800 0.264855713087
82984 0.277544896419
83168 0.270954560352
83352 0.283435920819
83536 0.271452018555
83720 0.267595450805
83904 0.2741264354
84088 0.262451645246
84272 0.266460741995
84456 0.291183360805
84640 0.274237398971
84824 0.268287556187
85008 0.275010828267
85192 0.272263405594
85376 0.267479327447
85560 0.277798813908
85744 0.269198579483
85928 0.268217469897
86112 0.271859288723
86296 0.286178472082
86480 0.264956160675
86664 0.266810693031
86848 0.280478578429
87032 0.26953070665
87216 0.255494700845
87400 0.260059751588
87584 0.288408450616
87768 0.262535989316
87952 0.264809069997
88136 0.275149005569
88320 0.273873617524
88504 0.295126354239
88688 0.271687403724
88872 0.26522111981
89056 0.26997489562
89240 0.269035035442
89424 0.254732050144
89608 0.260277120077
89792 0.264102160006
89976 0.271396378641
90160 0.259523866025
90344 0.265880299886
90528 0.258774853615
90712 0.287082336854
90896 0.261434634312
91080 0.264281666882
91264 0.255971461554
91448 0.263495087308
91632 0.273923939202
91780 0.270636164823
91816 0.268463509343
92000 0.261213678351
92184 0.260758208751
92368 0.266477701265
92552 0.27322658368
92736 0.27092020491
92920 0.268424555777
93104 0.267675638212
93288 0.262980238763
93472 0.271977240238
93656 0.264848371642
93840 0.269180467374
94024 0.263321107033
94208 0.267250499341
94392 0.261032302801
94576 0.27211913108
94760 0.264700178122
94944 0.279309836297
95128 0.264376102229
95312 0.265841800505
95496 0.273825627398
95680 0.264761862542
95864 0.264698021049
96048 0.260717666753
96232 0.268624464976
96416 0.272118131152
96600 0.256225836021
96784 0.26015910361
96968 0.257171938005
97152 0.270500249866
97336 0.287408805647
97520 0.274048867352
97704 0.267964505113
97888 0.268856380868
98072 0.279416400986
98256 0.269557599701
98440 0.274168302721
98624 0.260998630521
98808 0.263693809686
98992 0.265778435968
99176 0.275258113674
99360 0.256083849084
99544 0.248067817201
99728 0.266908182586
99912 0.266447433389
100096 0.252144280582
100280 0.267257453474
100464 0.272262532333
100648 0.25844912606
100832 0.256528955431
101016 0.266552006039
101200 0.253784426409
101384 0.251887925357
101568 0.255938883745
101752 0.253601836925
101936 0.258175710225
102120 0.265365929196
102304 0.271478347722
102488 0.264586603932
102672 0.280287855656
102856 0.262632548212
103040 0.256005530096
103224 0.264173425512
103408 0.271746670877
103592 0.265016274591
103776 0.263534232748
103960 0.250295347412
104144 0.262818131185
104328 0.251867011614
104512 0.26893159067
104696 0.262084430324
104880 0.26359849014
105064 0.273004584081
105248 0.252393993876
105432 0.267086388405
105616 0.27740316802
105800 0.258729688444
105984 0.25562417178
106168 0.255472101464
106352 0.26044619222
106536 0.256508746347
106720 0.272055357985
106904 0.269937209033
107088 0.260846799874
107272 0.257602970064
107456 0.257919817714
107640 0.261740462089
107824 0.259834776592
108008 0.257967274701
108192 0.255774560451
108376 0.259032875459
108560 0.25184773817
108744 0.272804681219
108928 0.240631331163
109112 0.268480614844
109296 0.253184301139
109480 0.259059322607
109664 0.270432483461
109848 0.257506723929
110032 0.276842499278
110216 0.264338133938
110400 0.266151017997
110584 0.251129970226
110768 0.261355838093
110952 0.25596795497
111136 0.265511898899
111320 0.251946769716
111504 0.250683270628
111688 0.259665335626
111872 0.280454545191
112056 0.256197610746
112240 0.248327399063
112424 0.268798117759
112608 0.269313222707
112792 0.271636564352
112976 0.266606162019
113160 0.253476874219
113344 0.254537499137
113528 0.249012062248
113712 0.267252300292
113896 0.269691789677
114080 0.266134082741
114264 0.256142508516
114448 0.235546955588
114632 0.259694971061
114816 0.258911999422
115000 0.247796172076
115184 0.267876981319
115368 0.258316738791
115552 0.256536829364
115736 0.258968412342
115920 0.279143721442
116104 0.251385096377
116288 0.254596822115
116472 0.251312416918
116656 0.249396744468
116840 0.261275217189
117024 0.265381886633
117208 0.250137422055
117392 0.26460159737
117576 0.251932351032
117760 0.259839573264
117944 0.268831905913
118128 0.261103742198
118312 0.274087104499
118496 0.254274365856
118680 0.252389497863
118864 0.25338050361
119048 0.257910695157
119232 0.250533466999
119416 0.253346896315
119600 0.256537421448
119784 0.250577597542
119968 0.254979716343
120152 0.25078738491
120336 0.263599803779
120520 0.25007442296
120704 0.253862963812
120888 0.258298996645
121072 0.267985996933
121256 0.248327087597
121440 0.260671430795
121624 0.255019673634
121808 0.256816140031
121992 0.254014274814
122176 0.264851352525
122360 0.264801485698
122544 0.261343816729
122728 0.247583242791
122912 0.262130896418
123096 0.255310705529
123280 0.262167151521
123464 0.263748794852
123648 0.260161785922
123832 0.265689839653
124016 0.258154997267
124200 0.246876615716
124384 0.261846384666
124568 0.259554091747
124752 0.261772792225
124936 0.261417979707
125120 0.253170887366
125304 0.254727636192
125488 0.250303828119
125672 0.249007972106
125856 0.2538659955
126040 0.253038446027
126224 0.274658599379
126408 0.245061201344
126592 0.239452899574
126776 0.251028686686
126960 0.265944413794
127144 0.25692065784
127328 0.246706604801
127512 0.256204414951
127696 0.239822381452
127880 0.25959977821
128064 0.249831239713
128248 0.246832150392
128432 0.257819858592
128616 0.257693774789
128800 0.257276923614
128984 0.251437854229
129168 0.256302228787
129352 0.251980030246
129536 0.270682031649
129720 0.268961004695
129904 0.256039849879
130088 0.250194749742
130272 0.243525019667
130456 0.243294456801
130640 0.241092112884
130824 0.246348235128
131008 0.244405446893
131192 0.257298662761
131376 0.24933285241
131560 0.265327543949
131744 0.255699480383
131928 0.244239719368
132112 0.257953190957
132296 0.252408290097
132480 0.245420329807
132664 0.257587388005
132848 0.248063441883
133032 0.247841645117
133216 0.252465553944
133400 0.249088900757
133584 0.256038976067
133768 0.247293712757
133952 0.253882000698
134136 0.257567719185
134320 0.247115358749
134504 0.252200321576
134688 0.241812057484
134872 0.243021914593
135056 0.252224614155
135240 0.247673385116
135424 0.248051154361
135608 0.2545998861
135792 0.259168378403
135976 0.25144423827
136160 0.258935169002
136344 0.250225854339
136528 0.258797697855
136712 0.231903329296
136896 0.243982800361
137080 0.260042221718
137264 0.241221690642
137448 0.249239344619
137632 0.258996484122
137706 0.251437870916
