91816 0.731401263585
91816 1.0
91816 1.0
91816 1.0
91816 1.0
91816 1.0
91816 1.0
91816 1.0
91816 1.0
91816 1.0
91816 1.0
92000 0.733467708551
92000 1.0
92000 1.0
92000 1.0
92000 1.0
92000 1.0
92000 1.0
92000 1.0
92000 0.928129935477
92000 0.93270703116
92000 0.93656224541
92184 0.738104987915
92184 1.0
92184 1.0
92184 1.0
92184 1.0
92184 1.0
92184 1.0
92184 1.0
92184 1.0
92184 1.0
92184 1.0
92368 0.735487555211
92368 1.0
92368 1.0
92368 1.0
92368 1.0
92368 1.0
92368 1.0
92368 1.0
92368 1.0
92368 1.0
92368 1.0
92552 0.734105717401
92552 1.0
92552 1.0
92552 1.0
92552 1.0
92552 1.0
92552 1.0
92552 1.0
92552 1.0
92552 1.0
92552 1.0
92736 0.733318359217
92736 1.0
92736 1.0
92736 1.0
92736 1.0
92736 1.0
92736 1.0
92736 1.0
92736 1.0
92736 1.0
92736 1.0
92920 0.734739780386
92920 1.0
92920 1.0
92920 1.0
92920 1.0
92920 1.0
92920 1.0
92920 1.0
92920 1.0
92920 1.0
92920 1.0
93104 0.734398894889
93104 1.0
93104 1.0
93104 1.0
93104 1.0
93104 1.0
93104 1.0
93104 1.0
93104 1.0
93104 1.0
93104 1.0
93288 0.734565416291
93288 1.0
93288 1.0
93288 1.0
93288 1.0
93288 1.0
93288 1.0
93288 1.0
93288 1.0
93288 1.0
93288 1.0
93472 0.731317971704
93472 1.0
93472 1.0
93472 1.0
93472 1.0
93472 1.0
93472 1.0
93472 1.0
93472 1.0
93472 1.0
93472 1.0
93656 0.733014537399
93656 1.0
93656 1.0
93656 1.0
93656 1.0
93656 1.0
93656 1.0
93656 1.0
93656 1.0
93656 1.0
93656 1.0
93840 0.735647116451
93840 1.0
93840 1.0
93840 1.0
93840 1.0
93840 1.0
93840 1.0
93840 1.0
93840 1.0
93840 1.0
93840 1.0
94024 0.73407733348
94024 1.0
94024 1.0
94024 1.0
94024 1.0
94024 1.0
94024 1.0
94024 1.0
94024 1.0
94024 1.0
94024 1.0
94208 0.735112128041
94208 1.0
94208 1.0
94208 1.0
94208 1.0
94208 1.0
94208 1.0
94208 1.0
94208 1.0
94208 1.0
94208 1.0
94392 0.737328073453
94392 1.0
94392 1.0
94392 1.0
94392 1.0
94392 1.0
94392 1.0
94392 1.0
94392 1.0
94392 1.0
94392 1.0
94576 0.735199519173
94576 1.0
94576 1.0
94576 1.0
94576 1.0
94576 1.0
94576 1.0
94576 1.0
94576 1.0
94576 1.0
94576 1.0
94760 0.737452278451
94760 1.0
94760 1.0
94760 1.0
94760 1.0
94760 1.0
94760 1.0
94760 1.0
94760 1.0
94760 1.0
94760 1.0
94944 0.735126987488
94944 1.0
94944 1.0
94944 1.0
94944 1.0
94944 1.0
94944 1.0
94944 1.0
94944 1.0
94944 1.0
94944 1.0
95128 0.737573422153
95128 1.0
95128 1.0
95128 1.0
95128 1.0
95128 1.0
95128 1.0
95128 1.0
95128 1.0
95128 1.0
95128 1.0
95312 0.734961232773
95312 1.0
95312 1.0
95312 1.0
95312 1.0
95312 1.0
95312 1.0
95312 1.0
95312 1.0
95312 1.0
95312 1.0
95496 0.734579322074
95496 1.0
95496 1.0
95496 1.0
95496 1.0
95496 1.0
95496 1.0
95496 1.0
95496 1.0
95496 1.0
95496 1.0
95680 0.736940791188
95680 1.0
95680 1.0
95680 1.0
95680 1.0
95680 1.0
95680 1.0
95680 1.0
95680 1.0
95680 1.0
95680 1.0
95864 0.736514615658
95864 1.0
95864 1.0
95864 1.0
95864 1.0
95864 1.0
95864 1.0
95864 1.0
95864 1.0
95864 1.0
95864 1.0
96048 0.736202295659
96048 1.0
96048 1.0
96048 1.0
96048 1.0
96048 1.0
96048 1.0
96048 1.0
96048 1.0
96048 1.0
96048 1.0
96232 0.733198272528
96232 1.0
96232 1.0
96232 1.0
96232 1.0
96232 1.0
96232 1.0
96232 1.0
96232 1.0
96232 1.0
96232 1.0
96416 0.733304742055
96416 1.0
96416 1.0
96416 1.0
96416 1.0
96416 1.0
96416 1.0
96416 1.0
96416 1.0
96416 1.0
96416 1.0
96600 0.733717251393
96600 1.0
96600 1.0
96600 1.0
96600 1.0
96600 1.0
96600 1.0
96600 1.0
96600 1.0
96600 1.0
96600 1.0
96784 0.735361819623
96784 1.0
96784 1.0
96784 1.0
96784 1.0
96784 1.0
96784 1.0
96784 1.0
96784 1.0
96784 1.0
96784 1.0
96968 0.735198257396
96968 1.0
96968 1.0
96968 1.0
96968 1.0
96968 1.0
96968 1.0
96968 1.0
96968 1.0
96968 1.0
96968 1.0
97152 0.733553087683
97152 1.0
97152 1.0
97152 1.0
97152 1.0
97152 1.0
97152 1.0
97152 1.0
97152 1.0
97152 1.0
97152 1.0
97336 0.730540019045
97336 1.0
97336 1.0
97336 1.0
97336 1.0
97336 1.0
97336 1.0
97336 1.0
97336 1.0
97336 1.0
97336 1.0
97520 0.733264898782
97520 1.0
97520 1.0
97520 1.0
97520 1.0
97520 1.0
97520 1.0
97520 1.0
97520 1.0
97520 1.0
97520 1.0
97704 0.734461293574
97704 1.0
97704 1.0
97704 1.0
97704 1.0
97704 1.0
97704 1.0
97704 1.0
97704 1.0
97704 1.0
97704 1.0
97888 0.732847878394
97888 1.0
97888 1.0
97888 1.0
97888 1.0
97888 1.0
97888 1.0
97888 1.0
97888 1.0
97888 1.0
97888 1.0
98072 0.729570031266
98072 1.0
98072 1.0
98072 1.0
98072 1.0
98072 1.0
98072 1.0
98072 1.0
98072 1.0
98072 1.0
98072 1.0
98256 0.734884960252
98256 1.0
98256 1.0
98256 1.0
98256 1.0
98256 1.0
98256 1.0
98256 1.0
98256 1.0
98256 1.0
98256 1.0
98440 0.73363202191
98440 1.0
98440 1.0
98440 1.0
98440 1.0
98440 1.0
98440 1.0
98440 1.0
98440 1.0
98440 1.0
98440 1.0
98624 0.736227168225
98624 1.0
98624 1.0
98624 1.0
98624 1.0
98624 1.0
98624 1.0
98624 1.0
98624 1.0
98624 1.0
98624 1.0
98808 0.733697591204
98808 1.0
98808 1.0
98808 1.0
98808 1.0
98808 1.0
98808 1.0
98808 1.0
98808 1.0
98808 1.0
98808 1.0
98992 0.73574011597
98992 1.0
98992 1.0
98992 1.0
98992 1.0
98992 1.0
98992 1.0
98992 1.0
98992 1.0
98992 1.0
98992 1.0
99176 0.732516465986
99176 1.0
99176 1.0
99176 1.0
99176 1.0
99176 1.0
99176 1.0
99176 1.0
99176 1.0
99176 1.0
99176 1.0
99360 0.734317390065
99360 1.0
99360 1.0
99360 1.0
99360 1.0
99360 1.0
99360 1.0
99360 1.0
99360 1.0
99360 1.0
99360 1.0
99544 0.738642461326
99544 1.0
99544 1.0
99544 1.0
99544 1.0
99544 1.0
99544 1.0
99544 1.0
99544 1.0
99544 1.0
99544 1.0
99728 0.734112552978
99728 1.0
99728 1.0
99728 1.0
99728 1.0
99728 1.0
99728 1.0
99728 1.0
99728 1.0
99728 1.0
99728 1.0
99912 0.73478641635
99912 1.0
99912 1.0
99912 1.0
99912 1.0
99912 1.0
99912 1.0
99912 1.0
99912 1.0
99912 1.0
99912 1.0
100096 0.73410765046
100096 1.0
100096 1.0
100096 1.0
100096 1.0
100096 1.0
100096 1.0
100096 1.0
100096 1.0
100096 1.0
100096 0.942709999032
100280 0.732366016942
100280 1.0
100280 1.0
100280 1.0
100280 1.0
100280 1.0
100280 0.902024360494
100280 0.910131754767
100280 0.91659059135
100280 0.921902578291
100280 0.926376779656
100464 0.731813916441
100464 1.0
100464 1.0
100464 1.0
100464 1.0
100464 1.0
100464 1.0
100464 1.0
100464 1.0
100464 1.0
100464 0.942709999032
100648 0.737786905902
100648 1.0
100648 1.0
100648 1.0
100648 1.0
100648 1.0
100648 1.0
100648 1.0
100648 0.928129935477
100648 0.93270703116
100648 0.93656224541
100832 0.737191257906
100832 1.0
100832 1.0
100832 1.0
100832 1.0
100832 1.0
100832 1.0
100832 1.0
100832 1.0
100832 1.0
100832 1.0
101016 0.735633885428
101016 1.0
101016 1.0
101016 1.0
101016 1.0
101016 1.0
101016 1.0
101016 1.0
101016 1.0
101016 1.0
101016 1.0
101200 0.738641210164
101200 1.0
101200 1.0
101200 1.0
101200 1.0
101200 1.0
101200 1.0
101200 1.0
101200 1.0
101200 1.0
101200 1.0
101384 0.736786609829
101384 1.0
101384 1.0
101384 1.0
101384 1.0
101384 1.0
101384 1.0
101384 1.0
101384 1.0
101384 1.0
101384 1.0
101568 0.73562666334
101568 1.0
101568 1.0
101568 1.0
101568 1.0
101568 1.0
101568 1.0
101568 1.0
101568 1.0
101568 1.0
101568 1.0
101752 0.736992793151
101752 1.0
101752 1.0
101752 1.0
101752 1.0
101752 1.0
101752 1.0
101752 1.0
101752 1.0
101752 1.0
101752 1.0
101936 0.736737763989
101936 1.0
101936 1.0
101936 1.0
101936 1.0
101936 1.0
101936 1.0
101936 1.0
101936 1.0
101936 1.0
101936 1.0
102120 0.733446484236
102120 1.0
102120 1.0
102120 1.0
102120 1.0
102120 1.0
102120 1.0
102120 1.0
102120 1.0
102120 1.0
102120 1.0
102304 0.733695061354
102304 1.0
102304 1.0
102304 1.0
102304 1.0
102304 1.0
102304 1.0
102304 1.0
102304 1.0
102304 1.0
102304 1.0
102488 0.731041380683
102488 1.0
102488 1.0
102488 1.0
102488 1.0
102488 1.0
102488 1.0
102488 1.0
102488 1.0
102488 1.0
102488 1.0
102672 0.730398214228
102672 1.0
102672 1.0
102672 1.0
102672 1.0
102672 1.0
102672 1.0
102672 1.0
102672 1.0
102672 1.0
102672 1.0
102856 0.734679741177
102856 1.0
102856 1.0
102856 1.0
102856 1.0
102856 1.0
102856 1.0
102856 1.0
102856 1.0
102856 1.0
102856 1.0
103040 0.738015294218
103040 1.0
103040 1.0
103040 1.0
103040 1.0
103040 1.0
103040 1.0
103040 1.0
103040 1.0
103040 1.0
103040 1.0
103224 0.736235621725
103224 1.0
103224 1.0
103224 1.0
103224 1.0
103224 1.0
103224 1.0
103224 1.0
103224 1.0
103224 1.0
103224 1.0
103408 0.732923078811
103408 1.0
103408 1.0
103408 1.0
103408 1.0
103408 1.0
103408 1.0
103408 1.0
103408 1.0
103408 1.0
103408 1.0
103592 0.734615588194
103592 1.0
103592 1.0
103592 1.0
103592 1.0
103592 1.0
103592 1.0
103592 1.0
103592 1.0
103592 1.0
103592 1.0
103776 0.735812758288
103776 1.0
103776 1.0
103776 1.0
103776 1.0
103776 1.0
103776 1.0
103776 1.0
103776 1.0
103776 1.0
103776 1.0
103960 0.74078843781
103960 1.0
103960 1.0
103960 1.0
103960 1.0
103960 1.0
103960 1.0
103960 1.0
103960 1.0
103960 1.0
103960 1.0
104144 0.734143420858
104144 1.0
104144 1.0
104144 1.0
104144 1.0
104144 1.0
104144 1.0
104144 1.0
104144 1.0
104144 1.0
104144 1.0
104328 0.73692142684
104328 1.0
104328 1.0
104328 1.0
104328 1.0
104328 1.0
104328 1.0
104328 1.0
104328 1.0
104328 1.0
104328 1.0
104512 0.733338379832
104512 1.0
104512 1.0
104512 1.0
104512 1.0
104512 1.0
104512 1.0
104512 1.0
104512 1.0
104512 1.0
104512 1.0
104696 0.733711045298
104696 1.0
104696 1.0
104696 1.0
104696 1.0
104696 1.0
104696 1.0
104696 1.0
104696 1.0
104696 1.0
104696 1.0
104880 0.737012477305
104880 1.0
104880 1.0
104880 1.0
104880 1.0
104880 1.0
104880 1.0
104880 1.0
104880 1.0
104880 1.0
104880 1.0
105064 0.731839599882
105064 1.0
105064 1.0
105064 1.0
105064 1.0
105064 1.0
105064 1.0
105064 1.0
105064 1.0
105064 1.0
105064 1.0
105248 0.735001858852
105248 1.0
105248 1.0
105248 1.0
105248 1.0
105248 1.0
105248 1.0
105248 1.0
105248 1.0
105248 1.0
105248 1.0
105432 0.732010019905
105432 1.0
105432 1.0
105432 1.0
105432 1.0
105432 1.0
105432 1.0
105432 1.0
105432 1.0
105432 1.0
105432 1.0
105616 0.731956299023
105616 1.0
105616 1.0
105616 1.0
105616 1.0
105616 1.0
105616 1.0
105616 1.0
105616 1.0
105616 1.0
105616 1.0
105800 0.732876937329
105800 1.0
105800 1.0
105800 1.0
105800 1.0
105800 1.0
105800 1.0
105800 1.0
105800 1.0
105800 1.0
105800 1.0
105984 0.734462462392
105984 1.0
105984 1.0
105984 1.0
105984 1.0
105984 1.0
105984 1.0
105984 1.0
105984 1.0
105984 1.0
105984 1.0
106168 0.736272971226
106168 1.0
106168 1.0
106168 1.0
106168 1.0
106168 1.0
106168 1.0
106168 1.0
106168 1.0
106168 1.0
106168 1.0
106352 0.734970846633
106352 1.0
106352 1.0
106352 1.0
106352 1.0
106352 1.0
106352 1.0
106352 1.0
106352 1.0
106352 1.0
106352 1.0
106536 0.733965828173
106536 1.0
106536 1.0
106536 1.0
106536 1.0
106536 1.0
106536 1.0
106536 1.0
106536 1.0
106536 1.0
106536 0.942709999032
106720 0.731423044221
106720 1.0
106720 1.0
106720 1.0
106720 1.0
106720 1.0
106720 1.0
106720 1.0
106720 1.0
106720 1.0
106720 1.0
106904 0.732564843213
106904 1.0
106904 1.0
106904 1.0
106904 1.0
106904 1.0
106904 1.0
106904 1.0
106904 1.0
106904 1.0
106904 1.0
107088 0.733134695367
107088 1.0
107088 1.0
107088 1.0
107088 1.0
107088 1.0
107088 1.0
107088 1.0
107088 1.0
107088 1.0
107088 1.0
107272 0.732949431939
107272 1.0
107272 1.0
107272 1.0
107272 1.0
107272 1.0
107272 1.0
107272 1.0
107272 1.0
107272 1.0
107272 1.0
107456 0.734318119233
107456 1.0
107456 1.0
107456 1.0
107456 1.0
107456 1.0
107456 1.0
107456 1.0
107456 1.0
107456 1.0
107456 1.0
107640 0.734583198359
107640 1.0
107640 1.0
107640 1.0
107640 1.0
107640 1.0
107640 1.0
107640 1.0
107640 1.0
107640 1.0
107640 1.0
107824 0.734941547008
107824 1.0
107824 1.0
107824 1.0
107824 1.0
107824 1.0
107824 1.0
107824 1.0
107824 1.0
107824 1.0
107824 1.0
108008 0.734899243827
108008 1.0
108008 1.0
108008 1.0
108008 1.0
108008 1.0
108008 1.0
108008 1.0
108008 1.0
108008 1.0
108008 1.0
108192 0.735840596341
108192 1.0
108192 1.0
108192 1.0
108192 1.0
108192 1.0
108192 1.0
108192 1.0
108192 1.0
108192 1.0
108192 1.0
108376 0.733463737985
108376 1.0
108376 1.0
108376 1.0
108376 1.0
108376 1.0
108376 1.0
108376 1.0
108376 1.0
108376 1.0
108376 1.0
108560 0.736062311162
108560 1.0
108560 1.0
108560 1.0
108560 1.0
108560 1.0
108560 1.0
108560 1.0
108560 1.0
108560 1.0
108560 1.0
108744 0.733816410479
108744 1.0
108744 1.0
108744 1.0
108744 1.0
108744 1.0
108744 1.0
108744 1.0
108744 1.0
108744 1.0
108744 1.0
108928 0.738393739857
108928 1.0
108928 1.0
108928 1.0
108928 1.0
108928 1.0
108928 1.0
108928 1.0
108928 1.0
108928 1.0
108928 1.0
109112 0.73282195278
109112 1.0
109112 1.0
109112 1.0
109112 1.0
109112 1.0
109112 1.0
109112 1.0
109112 1.0
109112 1.0
109112 1.0
109296 0.733837282123
109296 1.0
109296 1.0
109296 1.0
109296 1.0
109296 1.0
109296 1.0
109296 1.0
109296 1.0
109296 1.0
109296 1.0
109480 0.730933092666
109480 1.0
109480 1.0
109480 1.0
109480 1.0
109480 1.0
109480 1.0
109480 1.0
109480 1.0
109480 0.936314295629
109480 0.939962849694
109664 0.731769153762
109664 1.0
109664 1.0
109664 1.0
109664 1.0
109664 1.0
109664 1.0
109664 1.0
109664 1.0
109664 1.0
109664 1.0
109848 0.733706362999
109848 1.0
109848 1.0
109848 1.0
109848 1.0
109848 1.0
109848 1.0
109848 0.917250917542
109848 0.851328034915
109848 0.860796313732
109848 0.868771293053
110032 0.730930870847
110032 1.0
110032 1.0
110032 1.0
110032 1.0
110032 1.0
110032 1.0
110032 1.0
110032 1.0
110032 1.0
110032 1.0
110216 0.736052810443
110216 1.0
110216 1.0
110216 1.0
110216 1.0
110216 1.0
110216 1.0
110216 1.0
110216 1.0
110216 1.0
110216 1.0
110400 0.73571668916
110400 1.0
110400 1.0
110400 1.0
110400 1.0
110400 1.0
110400 1.0
110400 1.0
110400 1.0
110400 1.0
110400 1.0
110584 0.73670727355
110584 1.0
110584 1.0
110584 1.0
110584 1.0
110584 1.0
110584 1.0
110584 1.0
110584 1.0
110584 1.0
110584 1.0
110768 0.733792386426
110768 1.0
110768 1.0
110768 1.0
110768 1.0
110768 1.0
110768 1.0
110768 1.0
110768 1.0
110768 1.0
110768 1.0
110952 0.73751867869
110952 1.0
110952 1.0
110952 1.0
110952 1.0
110952 1.0
110952 1.0
110952 1.0
110952 1.0
110952 1.0
110952 1.0
111136 0.734427484638
111136 1.0
111136 1.0
111136 1.0
111136 1.0
111136 1.0
111136 1.0
111136 1.0
111136 1.0
111136 1.0
111136 1.0
111320 0.734436993205
111320 1.0
111320 1.0
111320 1.0
111320 1.0
111320 1.0
111320 1.0
111320 1.0
111320 1.0
111320 1.0
111320 1.0
111504 0.732048549033
111504 1.0
111504 1.0
111504 1.0
111504 1.0
111504 1.0
111504 1.0
111504 1.0
111504 1.0
111504 1.0
111504 1.0
111688 0.731793275673
111688 1.0
111688 1.0
111688 1.0
111688 1.0
111688 1.0
111688 1.0
111688 1.0
111688 1.0
111688 1.0
111688 1.0
111872 0.729677483232
111872 1.0
111872 1.0
111872 1.0
111872 1.0
111872 1.0
111872 1.0
111872 1.0
111872 1.0
111872 1.0
111872 1.0
112056 0.736027171575
112056 1.0
112056 1.0
112056 1.0
112056 1.0
112056 1.0
112056 1.0
112056 1.0
112056 1.0
112056 1.0
112056 1.0
112240 0.737450359278
112240 1.0
112240 1.0
112240 1.0
112240 1.0
112240 1.0
112240 1.0
112240 1.0
112240 1.0
112240 1.0
112240 1.0
112424 0.73212095482
112424 1.0
112424 1.0
112424 1.0
112424 1.0
112424 1.0
112424 1.0
112424 1.0
112424 1.0
112424 1.0
112424 1.0
112608 0.731239242781
112608 1.0
112608 1.0
112608 1.0
112608 1.0
112608 1.0
112608 1.0
112608 1.0
112608 1.0
112608 1.0
112608 1.0
112792 0.735651824135
112792 1.0
112792 1.0
112792 1.0
112792 1.0
112792 1.0
112792 1.0
112792 1.0
112792 1.0
112792 1.0
112792 1.0
112976 0.733680053045
112976 1.0
112976 1.0
112976 1.0
112976 1.0
112976 1.0
112976 1.0
112976 1.0
112976 1.0
112976 1.0
112976 1.0
113160 0.736913127993
113160 1.0
113160 1.0
113160 1.0
113160 1.0
113160 1.0
113160 1.0
113160 1.0
113160 1.0
113160 1.0
113160 1.0
113344 0.735382909844
113344 1.0
113344 1.0
113344 1.0
113344 1.0
113344 1.0
113344 1.0
113344 1.0
113344 1.0
113344 1.0
113344 1.0
113528 0.734560814985
113528 1.0
113528 1.0
113528 1.0
113528 1.0
113528 1.0
113528 1.0
113528 1.0
113528 1.0
113528 1.0
113528 1.0
113712 0.73246959652
113712 1.0
113712 1.0
113712 1.0
113712 1.0
113712 1.0
113712 1.0
113712 1.0
113712 1.0
113712 1.0
113712 1.0
113896 0.731908885627
113896 1.0
113896 1.0
113896 1.0
113896 1.0
113896 1.0
113896 1.0
113896 1.0
113896 1.0
113896 1.0
113896 1.0
114080 0.733988303853
114080 1.0
114080 1.0
114080 1.0
114080 1.0
114080 1.0
114080 1.0
114080 1.0
114080 1.0
114080 1.0
114080 1.0
114264 0.733843037494
114264 1.0
114264 1.0
114264 1.0
114264 1.0
114264 1.0
114264 1.0
114264 1.0
114264 1.0
114264 1.0
114264 1.0
114448 0.739392263454
114448 1.0
114448 1.0
114448 1.0
114448 1.0
114448 1.0
114448 1.0
114448 1.0
114448 1.0
114448 1.0
114448 1.0
114632 0.734940207893
114632 1.0
114632 1.0
114632 1.0
114632 1.0
114632 1.0
114632 1.0
114632 1.0
114632 1.0
114632 1.0
114632 1.0
114816 0.735333807799
114816 1.0
114816 1.0
114816 1.0
114816 1.0
114816 1.0
114816 1.0
114816 1.0
114816 1.0
114816 1.0
114816 1.0
115000 0.733382294147
115000 1.0
115000 1.0
115000 1.0
115000 1.0
115000 1.0
115000 1.0
115000 1.0
115000 1.0
115000 1.0
115000 1.0
115184 0.7312685287
115184 1.0
115184 1.0
115184 1.0
115184 1.0
115184 1.0
115184 1.0
115184 1.0
115184 1.0
115184 1.0
115184 1.0
115368 0.734247253986
115368 1.0
115368 1.0
115368 1.0
115368 1.0
115368 1.0
115368 1.0
115368 1.0
115368 1.0
115368 1.0
115368 1.0
115552 0.731182744597
115552 1.0
115552 1.0
115552 1.0
115552 1.0
115552 1.0
115552 1.0
115552 1.0
115552 1.0
115552 1.0
115552 1.0
115736 0.733749078969
115736 1.0
115736 1.0
115736 1.0
115736 1.0
115736 1.0
115736 1.0
115736 1.0
115736 1.0
115736 1.0
115736 0.942709999032
115920 0.732031163022
115920 1.0
115920 1.0
115920 1.0
115920 1.0
115920 1.0
115920 1.0
115920 1.0
115920 1.0
115920 1.0
115920 0.942709999032
116104 0.735560795551
116104 1.0
116104 1.0
116104 1.0
116104 1.0
116104 1.0
116104 1.0
116104 1.0
116104 1.0
116104 1.0
116104 1.0
116288 0.732936278503
116288 1.0
116288 1.0
116288 1.0
116288 1.0
116288 1.0
116288 1.0
116288 1.0
116288 1.0
116288 1.0
116288 1.0
116472 0.735604831998
116472 1.0
116472 1.0
116472 1.0
116472 1.0
116472 1.0
116472 1.0
116472 1.0
116472 1.0
116472 1.0
116472 1.0
116656 0.732325494296
116656 1.0
116656 1.0
116656 1.0
116656 1.0
116656 1.0
116656 1.0
116656 1.0
116656 1.0
116656 1.0
116656 1.0
116840 0.732533837346
116840 1.0
116840 1.0
116840 1.0
116840 1.0
116840 1.0
116840 1.0
116840 1.0
116840 1.0
116840 1.0
116840 1.0
117024 0.73029275627
117024 1.0
117024 1.0
117024 1.0
117024 1.0
117024 1.0
117024 1.0
117024 1.0
117024 1.0
117024 1.0
117024 1.0
117208 0.734172578339
117208 1.0
117208 1.0
117208 1.0
117208 1.0
117208 1.0
117208 1.0
117208 1.0
117208 1.0
117208 1.0
117208 1.0
117392 0.732892643571
117392 1.0
117392 1.0
117392 1.0
117392 1.0
117392 1.0
117392 1.0
117392 1.0
117392 1.0
117392 1.0
117392 1.0
117576 0.732160979557
117576 1.0
117576 1.0
117576 1.0
117576 1.0
117576 1.0
117576 1.0
117576 1.0
117576 1.0
117576 1.0
117576 1.0
117760 0.731775615016
117760 1.0
117760 1.0
117760 1.0
117760 1.0
117760 1.0
117760 1.0
117760 1.0
117760 1.0
117760 1.0
117760 1.0
117944 0.733328651589
117944 1.0
117944 1.0
117944 1.0
117944 1.0
117944 1.0
117944 1.0
117944 1.0
117944 1.0
117944 1.0
117944 1.0
118128 0.734774481927
118128 1.0
118128 1.0
118128 1.0
118128 1.0
118128 1.0
118128 1.0
118128 1.0
118128 1.0
118128 1.0
118128 1.0
118312 0.73203553741
118312 1.0
118312 1.0
118312 1.0
118312 1.0
118312 1.0
118312 1.0
118312 1.0
118312 1.0
118312 1.0
118312 1.0
118496 0.732845766173
118496 1.0
118496 1.0
118496 1.0
118496 1.0
118496 1.0
118496 1.0
118496 1.0
118496 1.0
118496 1.0
118496 1.0
118680 0.731726101738
118680 1.0
118680 1.0
118680 1.0
118680 1.0
118680 1.0
118680 1.0
118680 1.0
118680 1.0
118680 1.0
118680 1.0
118864 0.735440910603
118864 1.0
118864 1.0
118864 1.0
118864 1.0
118864 1.0
118864 1.0
118864 1.0
118864 1.0
118864 1.0
118864 1.0
119048 0.733671966399
119048 1.0
119048 1.0
119048 1.0
119048 1.0
119048 1.0
119048 1.0
119048 1.0
119048 1.0
119048 1.0
119048 1.0
119232 0.736354377274
119232 1.0
119232 1.0
119232 1.0
119232 1.0
119232 1.0
119232 1.0
119232 1.0
119232 1.0
119232 1.0
119232 1.0
119416 0.731309439536
119416 1.0
119416 1.0
119416 1.0
119416 1.0
119416 1.0
119416 1.0
119416 1.0
119416 1.0
119416 1.0
119416 1.0
119600 0.736347482975
119600 1.0
119600 1.0
119600 1.0
119600 1.0
119600 1.0
119600 1.0
119600 1.0
119600 1.0
119600 1.0
119600 1.0
119784 0.734709441933
119784 1.0
119784 1.0
119784 1.0
119784 1.0
119784 1.0
119784 1.0
119784 1.0
119784 1.0
119784 1.0
119784 1.0
119968 0.732922391014
119968 1.0
119968 1.0
119968 1.0
119968 1.0
119968 1.0
119968 1.0
119968 1.0
119968 1.0
119968 1.0
119968 1.0
120152 0.736930910615
120152 1.0
120152 1.0
120152 1.0
120152 1.0
120152 1.0
120152 1.0
120152 1.0
120152 1.0
120152 1.0
120152 1.0
120336 0.73210980741
120336 1.0
120336 1.0
120336 1.0
120336 1.0
120336 1.0
120336 1.0
120336 1.0
120336 1.0
120336 1.0
120336 1.0
120520 0.735373166298
120520 1.0
120520 1.0
120520 1.0
120520 1.0
120520 1.0
120520 1.0
120520 1.0
120520 1.0
120520 1.0
120520 1.0
120704 0.73232281873
120704 1.0
120704 1.0
120704 1.0
120704 1.0
120704 1.0
120704 1.0
120704 1.0
120704 1.0
120704 1.0
120704 1.0
120888 0.729615004907
120888 1.0
120888 1.0
120888 1.0
120888 1.0
120888 1.0
120888 1.0
120888 1.0
120888 1.0
120888 1.0
120888 1.0
121072 0.734081557914
121072 1.0
121072 1.0
121072 1.0
121072 1.0
121072 1.0
121072 1.0
121072 1.0
121072 1.0
121072 1.0
121072 1.0
121256 0.735376862507
121256 1.0
121256 1.0
121256 1.0
121256 1.0
121256 1.0
121256 1.0
121256 1.0
121256 1.0
121256 1.0
121256 1.0
121440 0.733218312031
121440 1.0
121440 1.0
121440 1.0
121440 1.0
121440 1.0
121440 1.0
121440 1.0
121440 1.0
121440 1.0
121440 1.0
121624 0.733655484875
121624 1.0
121624 1.0
121624 1.0
121624 1.0
121624 1.0
121624 1.0
121624 1.0
121624 1.0
121624 1.0
121624 1.0
121808 0.732020300719
121808 1.0
121808 1.0
121808 1.0
121808 1.0
121808 1.0
121808 1.0
121808 1.0
121808 1.0
121808 1.0
121808 1.0
121992 0.736067001961
121992 1.0
121992 1.0
121992 1.0
121992 1.0
121992 1.0
121992 1.0
121992 1.0
121992 1.0
121992 1.0
121992 1.0
122176 0.732083403169
122176 1.0
122176 1.0
122176 1.0
122176 1.0
122176 1.0
122176 1.0
122176 1.0
122176 1.0
122176 1.0
122176 1.0
122360 0.733495811086
122360 1.0
122360 1.0
122360 1.0
122360 1.0
122360 1.0
122360 1.0
122360 1.0
122360 1.0
122360 1.0
122360 1.0
122544 0.732607631875
122544 1.0
122544 1.0
122544 1.0
122544 1.0
122544 1.0
122544 1.0
122544 1.0
122544 1.0
122544 1.0
122544 1.0
122728 0.73548442435
122728 1.0
122728 1.0
122728 1.0
122728 1.0
122728 1.0
122728 1.0
122728 1.0
122728 1.0
122728 1.0
122728 1.0
122912 0.732056290883
122912 1.0
122912 1.0
122912 1.0
122912 1.0
122912 1.0
122912 1.0
122912 1.0
122912 1.0
122912 1.0
122912 1.0
123096 0.732461270971
123096 1.0
123096 1.0
123096 1.0
123096 1.0
123096 1.0
123096 1.0
123096 1.0
123096 1.0
123096 1.0
123096 1.0
123280 0.732194861992
123280 1.0
123280 1.0
123280 1.0
123280 1.0
123280 1.0
123280 1.0
123280 1.0
123280 1.0
123280 1.0
123280 1.0
123464 0.730269441097
123464 1.0
123464 1.0
123464 1.0
123464 1.0
123464 1.0
123464 1.0
123464 1.0
123464 1.0
123464 1.0
123464 1.0
123648 0.732099484697
123648 1.0
123648 1.0
123648 1.0
123648 1.0
123648 1.0
123648 1.0
123648 1.0
123648 1.0
123648 1.0
123648 1.0
123832 0.732871502467
123832 1.0
123832 1.0
123832 1.0
123832 1.0
123832 1.0
123832 1.0
123832 1.0
123832 1.0
123832 1.0
123832 1.0
124016 0.735436964725
124016 1.0
124016 1.0
124016 1.0
124016 1.0
124016 1.0
124016 1.0
124016 1.0
124016 1.0
124016 1.0
124016 1.0
124200 0.734415805027
124200 1.0
124200 1.0
124200 1.0
124200 1.0
124200 1.0
124200 1.0
124200 1.0
124200 1.0
124200 1.0
124200 1.0
124384 0.734180798999
124384 1.0
124384 1.0
124384 1.0
124384 1.0
124384 1.0
124384 1.0
124384 1.0
124384 1.0
124384 1.0
124384 1.0
124568 0.733965891922
124568 1.0
124568 1.0
124568 1.0
124568 1.0
124568 1.0
124568 1.0
124568 1.0
124568 1.0
124568 1.0
124568 1.0
124752 0.732119768367
124752 1.0
124752 1.0
124752 1.0
124752 1.0
124752 1.0
124752 1.0
124752 1.0
124752 1.0
124752 1.0
124752 1.0
124936 0.733389838572
124936 1.0
124936 1.0
124936 1.0
124936 1.0
124936 1.0
124936 1.0
124936 1.0
124936 1.0
124936 1.0
124936 1.0
125120 0.735703893293
125120 1.0
125120 1.0
125120 1.0
125120 1.0
125120 1.0
125120 1.0
125120 1.0
125120 1.0
125120 1.0
125120 1.0
125304 0.733331865014
125304 1.0
125304 1.0
125304 1.0
125304 1.0
125304 1.0
125304 1.0
125304 1.0
125304 1.0
125304 1.0
125304 1.0
125488 0.731714652264
125488 1.0
125488 1.0
125488 1.0
125488 1.0
125488 1.0
125488 1.0
125488 1.0
125488 1.0
125488 1.0
125488 1.0
125672 0.733774080051
125672 1.0
125672 1.0
125672 1.0
125672 1.0
125672 1.0
125672 1.0
125672 1.0
125672 1.0
125672 1.0
125672 1.0
125856 0.73008043189
125856 1.0
125856 1.0
125856 1.0
125856 1.0
125856 1.0
125856 1.0
125856 1.0
125856 1.0
125856 1.0
125856 1.0
126040 0.732977884535
126040 1.0
126040 1.0
126040 1.0
126040 1.0
126040 1.0
126040 1.0
126040 1.0
126040 1.0
126040 1.0
126040 1.0
126224 0.726343573931
126224 1.0
126224 1.0
126224 1.0
126224 1.0
126224 1.0
126224 1.0
126224 1.0
126224 1.0
126224 1.0
126224 1.0
126408 0.733905521716
126408 1.0
126408 1.0
126408 1.0
126408 1.0
126408 1.0
126408 1.0
126408 1.0
126408 1.0
126408 1.0
126408 1.0
126592 0.736297691258
126592 1.0
126592 1.0
126592 1.0
126592 1.0
126592 1.0
126592 1.0
126592 1.0
126592 1.0
126592 1.0
126592 1.0
126776 0.734346529364
126776 1.0
126776 1.0
126776 1.0
126776 1.0
126776 1.0
126776 1.0
126776 1.0
126776 1.0
126776 0.936314295629
126776 0.939962849694
126960 0.730785190525
126960 1.0
126960 1.0
126960 1.0
126960 1.0
126960 1.0
126960 1.0
126960 1.0
126960 1.0
126960 1.0
126960 1.0
127144 0.733594515972
127144 1.0
127144 1.0
127144 1.0
127144 1.0
127144 1.0
127144 1.0
127144 1.0
127144 1.0
127144 1.0
127144 1.0
127328 0.736755762085
127328 1.0
127328 1.0
127328 1.0
127328 1.0
127328 1.0
127328 1.0
127328 1.0
127328 1.0
127328 1.0
127328 1.0
127512 0.73254171774
127512 1.0
127512 1.0
127512 1.0
127512 1.0
127512 1.0
127512 1.0
127512 1.0
127512 1.0
127512 1.0
127512 0.942709999032
127696 0.734721365935
127696 1.0
127696 1.0
127696 1.0
127696 1.0
127696 1.0
127696 1.0
127696 1.0
127696 0.928129935477
127696 0.93270703116
127696 0.93656224541
127880 0.729442425153
127880 1.0
127880 1.0
127880 1.0
127880 1.0
127880 1.0
127880 1.0
127880 1.0
127880 1.0
127880 1.0
127880 1.0
128064 0.733549976142
128064 1.0
128064 1.0
128064 1.0
128064 1.0
128064 1.0
128064 1.0
128064 1.0
128064 1.0
128064 1.0
128064 1.0
128248 0.737161517864
128248 1.0
128248 1.0
128248 1.0
128248 1.0
128248 1.0
128248 1.0
128248 1.0
128248 1.0
128248 1.0
128248 0.942709999032
128432 0.734042219846
128432 1.0
128432 1.0
128432 1.0
128432 1.0
128432 1.0
128432 1.0
128432 1.0
128432 1.0
128432 1.0
128432 1.0
128616 0.730975462403
128616 1.0
128616 1.0
128616 1.0
128616 1.0
128616 1.0
128616 1.0
128616 1.0
128616 1.0
128616 1.0
128616 0.942709999032
128800 0.731175952189
128800 1.0
128800 1.0
128800 1.0
128800 1.0
128800 1.0
128800 1.0
128800 1.0
128800 1.0
128800 1.0
128800 1.0
128984 0.733434082883
128984 1.0
128984 1.0
128984 1.0
128984 1.0
128984 1.0
128984 1.0
128984 1.0
128984 1.0
128984 1.0
128984 1.0
129168 0.732022445755
129168 1.0
129168 1.0
129168 1.0
129168 1.0
129168 1.0
129168 1.0
129168 1.0
129168 1.0
129168 1.0
129168 1.0
129352 0.732093334431
129352 1.0
129352 1.0
129352 1.0
129352 1.0
129352 1.0
129352 1.0
129352 1.0
129352 1.0
129352 0.936314295629
129352 0.882672848726
129536 0.729929011992
129536 1.0
129536 1.0
129536 1.0
129536 1.0
129536 1.0
129536 1.0
129536 1.0
129536 1.0
129536 0.936314295629
129536 0.939962849694
129720 0.728936800917
129720 1.0
129720 1.0
129720 1.0
129720 1.0
129720 1.0
129720 1.0
129720 1.0
129720 1.0
129720 1.0
129720 0.942709999032
129904 0.730964092625
129904 1.0
129904 1.0
129904 1.0
129904 1.0
129904 1.0
129904 1.0
129904 1.0
129904 0.928129935477
129904 0.93270703116
129904 0.93656224541
130088 0.729576369222
130088 1.0
130088 1.0
130088 1.0
130088 1.0
130088 1.0
130088 1.0
130088 1.0
130088 1.0
130088 1.0
130088 0.942709999032
130272 0.735517602964
130272 1.0
130272 1.0
130272 1.0
130272 1.0
130272 1.0
130272 1.0
130272 1.0
130272 1.0
130272 1.0
130272 1.0
130456 0.738030783203
130456 1.0
130456 1.0
130456 1.0
130456 1.0
130456 1.0
130456 1.0
130456 1.0
130456 1.0
130456 1.0
130456 1.0
130640 0.737064272206
130640 1.0
130640 1.0
130640 1.0
130640 1.0
130640 1.0
130640 1.0
130640 1.0
130640 1.0
130640 1.0
130640 1.0
130824 0.728905705564
130824 1.0
130824 1.0
130824 1.0
130824 1.0
130824 1.0
130824 1.0
130824 1.0
130824 1.0
130824 1.0
130824 1.0
131008 0.734752805381
131008 1.0
131008 1.0
131008 1.0
131008 1.0
131008 1.0
131008 1.0
131008 1.0
131008 1.0
131008 1.0
131008 1.0
131192 0.732498839437
131192 1.0
131192 1.0
131192 1.0
131192 1.0
131192 1.0
131192 1.0
131192 1.0
131192 1.0
131192 1.0
131192 1.0
131376 0.73415615806
131376 1.0
131376 1.0
131376 1.0
131376 1.0
131376 1.0
131376 1.0
131376 1.0
131376 1.0
131376 1.0
131376 1.0
131560 0.732117069565
131560 1.0
131560 1.0
131560 1.0
131560 1.0
131560 1.0
131560 1.0
131560 1.0
131560 1.0
131560 1.0
131560 1.0
131744 0.731847083351
131744 1.0
131744 1.0
131744 1.0
131744 1.0
131744 1.0
131744 1.0
131744 1.0
131744 1.0
131744 1.0
131744 1.0
131928 0.734670158951
131928 1.0
131928 1.0
131928 1.0
131928 1.0
131928 1.0
131928 1.0
131928 1.0
131928 1.0
131928 1.0
131928 1.0
132112 0.731386502913
132112 1.0
132112 1.0
132112 1.0
132112 1.0
132112 1.0
132112 1.0
132112 1.0
132112 0.928129935477
132112 0.93270703116
132112 0.93656224541
132296 0.728956170348
132296 1.0
132296 1.0
132296 1.0
132296 1.0
132296 1.0
132296 1.0
132296 1.0
132296 1.0
132296 1.0
132296 1.0
132480 0.732726041217
132480 1.0
132480 1.0
132480 1.0
132480 1.0
132480 1.0
132480 1.0
132480 1.0
132480 1.0
132480 1.0
132480 1.0
132664 0.729230332856
132664 1.0
132664 1.0
132664 1.0
132664 1.0
132664 1.0
132664 1.0
132664 1.0
132664 1.0
132664 1.0
132664 1.0
132848 0.732969483022
132848 1.0
132848 1.0
132848 1.0
132848 1.0
132848 1.0
132848 1.0
132848 1.0
132848 1.0
132848 1.0
132848 1.0
133032 0.733016104346
133032 1.0
133032 1.0
133032 1.0
133032 1.0
133032 1.0
133032 1.0
133032 1.0
133032 1.0
133032 1.0
133032 1.0
133216 0.733571067211
133216 1.0
133216 1.0
133216 1.0
133216 1.0
133216 1.0
133216 1.0
133216 1.0
133216 1.0
133216 1.0
133216 1.0
133400 0.731192855665
133400 1.0
133400 1.0
133400 1.0
133400 1.0
133400 1.0
133400 1.0
133400 1.0
133400 1.0
133400 1.0
133400 1.0
133584 0.730819843392
133584 1.0
133584 1.0
133584 1.0
133584 1.0
133584 1.0
133584 1.0
133584 1.0
133584 1.0
133584 1.0
133584 1.0
133768 0.734658945641
133768 1.0
133768 1.0
133768 1.0
133768 1.0
133768 1.0
133768 1.0
133768 1.0
133768 1.0
133768 1.0
133768 1.0
133952 0.731607493819
133952 1.0
133952 1.0
133952 1.0
133952 1.0
133952 1.0
133952 1.0
133952 1.0
133952 1.0
133952 1.0
133952 1.0
134136 0.731494424415
134136 1.0
134136 1.0
134136 1.0
134136 1.0
134136 1.0
134136 1.0
134136 1.0
134136 1.0
134136 1.0
134136 0.942709999032
134320 0.734077417258
134320 1.0
134320 1.0
134320 1.0
134320 1.0
134320 1.0
134320 1.0
134320 1.0
134320 1.0
134320 1.0
134320 1.0
134504 0.73061951599
134504 1.0
134504 1.0
134504 1.0
134504 1.0
134504 1.0
134504 1.0
134504 1.0
134504 1.0
134504 1.0
134504 1.0
134688 0.733372011547
134688 1.0
134688 1.0
134688 1.0
134688 1.0
134688 1.0
134688 1.0
134688 1.0
134688 1.0
134688 1.0
134688 1.0
134872 0.732831415209
134872 1.0
134872 1.0
134872 1.0
134872 1.0
134872 1.0
134872 1.0
134872 1.0
134872 1.0
134872 1.0
134872 1.0
135056 0.729809730091
135056 1.0
135056 1.0
135056 1.0
135056 1.0
135056 1.0
135056 1.0
135056 1.0
135056 1.0
135056 1.0
135056 1.0
135240 0.731474854666
135240 1.0
135240 1.0
135240 1.0
135240 1.0
135240 1.0
135240 1.0
135240 1.0
135240 1.0
135240 1.0
135240 1.0
135424 0.730608705368
135424 1.0
135424 1.0
135424 1.0
135424 1.0
135424 1.0
135424 1.0
135424 1.0
135424 1.0
135424 1.0
135424 1.0
135608 0.731371903409
135608 1.0
135608 1.0
135608 1.0
135608 1.0
135608 1.0
135608 1.0
135608 1.0
135608 1.0
135608 1.0
135608 1.0
135792 0.729213203041
135792 1.0
135792 1.0
135792 1.0
135792 1.0
135792 1.0
135792 1.0
135792 1.0
135792 1.0
135792 0.936314295629
135792 0.939962849694
135976 0.732101935641
135976 1.0
135976 1.0
135976 1.0
135976 1.0
135976 1.0
135976 1.0
135976 1.0
135976 1.0
135976 1.0
135976 1.0
136160 0.728706197302
136160 1.0
136160 1.0
136160 1.0
136160 1.0
136160 1.0
136160 1.0
136160 1.0
136160 1.0
136160 0.936314295629
136160 0.939962849694
136344 0.733022760182
136344 1.0
136344 1.0
136344 1.0
136344 1.0
136344 1.0
136344 1.0
136344 1.0
136344 1.0
136344 1.0
136344 1.0
136528 0.7312468963
136528 1.0
136528 1.0
136528 1.0
136528 1.0
136528 1.0
136528 1.0
136528 1.0
136528 1.0
136528 1.0
136528 1.0
136712 0.734707131431
136712 1.0
136712 1.0
136712 1.0
136712 1.0
136712 1.0
136712 1.0
136712 1.0
136712 1.0
136712 1.0
136712 1.0
136896 0.727848346337
136896 1.0
136896 1.0
136896 1.0
136896 1.0
136896 1.0
136896 1.0
136896 1.0
136896 1.0
136896 1.0
136896 1.0
137080 0.728784384975
137080 1.0
137080 1.0
137080 1.0
137080 1.0
137080 1.0
137080 1.0
137080 1.0
137080 1.0
137080 0.936314295629
137080 0.939962849694
137264 0.731479820565
137264 1.0
137264 1.0
137264 1.0
137264 1.0
137264 1.0
137264 1.0
137264 1.0
137264 0.928129935477
137264 0.93270703116
137264 0.93656224541
137448 0.732938968016
137448 1.0
137448 1.0
137448 1.0
137448 1.0
137448 1.0
137448 1.0
137448 1.0
137448 1.0
137448 1.0
137448 1.0
137632 0.730264013137
137632 1.0
137632 1.0
137632 1.0
137632 1.0
137632 1.0
137632 1.0
137632 1.0
137632 0.928129935477
137632 0.93270703116
137632 0.93656224541
137706 0.728669606907
137706 1.0
137706 1.0
137706 1.0
137706 1.0
137706 1.0
137706 1.0
137706 1.0
137706 0.928129935477
137706 0.869021326789
137706 0.876525095104
