0 22500 0 0 0
184 22500 0 0 0
368 22500 0 0 0
552 0 22500 0 0
736 0 22500 0 0
920 0 22500 0 0
1104 22500 0 0 0
1288 0 22500 0 0
1472 22500 0 0 0
1656 0 22500 0 0
1840 22500 0 0 0
2024 0 22500 0 0
2208 22500 0 0 0
2392 22500 0 0 0
2576 0 22500 0 0
2760 21978 522 0 0
2944 0 22500 0 0
3128 22500 0 0 0
3312 0 22500 0 0
3496 0 22500 0 0
3680 22500 0 0 0
3864 0 22500 0 0
4048 22500 0 0 0
4232 0 22500 0 0
4416 22500 0 0 0
4600 0 22500 0 0
4784 0 22500 0 0
4968 0 22500 0 0
5152 0 22500 0 0
5336 0 22500 0 0
5520 22500 0 0 0
5704 22500 0 0 0
5888 16014 6486 0 0
6072 0 22500 0 0
6256 4375 18125 0 0
6440 21930 570 0 0
6624 5769 16731 0 0
6808 14331 8169 0 0
6992 6837 15663 0 0
7176 9910 12590 0 0
7360 8087 14413 0 0
7544 8886 13614 0 0
7728 8278 14222 0 0
7912 10240 12260 0 0
8096 9126 13374 0 0
8280 7019 15481 0 0
8464 7301 15199 0 0
8648 7729 14771 0 0
8832 12302 10198 0 0
9016 8148 14352 0 0
9200 8883 13617 0 0
9384 7614 14886 0 0
9568 9051 13449 0 0
9752 8974 13526 0 0
9936 9341 13159 0 0
10120 8043 14457 0 0
10304 9152 13348 0 0
10488 7361 15139 0 0
10672 8317 14183 0 0
10856 9145 13355 0 0
11040 10914 11586 0 0
11224 11539 10961 0 0
11408 11114 11386 0 0
11592 9943 12557 0 0
11776 6615 15885 0 0
11960 10421 12079 0 0
12144 10384 12116 0 0
12328 11586 10914 0 0
12512 10384 12116 0 0
12696 11082 11418 0 0
12880 10802 11698 0 0
13064 9649 12851 0 0
13248 8638 13862 0 0
13432 12264 10236 0 0
13616 8590 13910 0 0
13800 10508 11992 0 0
13984 7569 14931 0 0
14168 10513 11987 0 0
14352 8742 13758 0 0
14536 12371 10129 0 0
14720 10629 11871 0 0
14904 10130 12370 0 0
15088 10495 12005 0 0
15272 9693 12807 0 0
15456 11487 11013 0 0
15640 13844 8656 0 0
15824 7981 14519 0 0
16008 9933 12567 0 0
16192 10450 12050 0 0
16376 11019 11481 0 0
16560 10451 12049 0 0
16744 12148 10352 0 0
16928 11530 10970 0 0
17112 11721 10779 0 0
17296 11732 10768 0 0
17480 10628 11872 0 0
17664 11295 11205 0 0
17848 11236 11264 0 0
18032 11722 10778 0 0
18216 9597 12903 0 0
18400 11937 10563 0 0
18584 11805 10695 0 0
18768 10260 12240 0 0
18952 9565 12935 0 0
19136 11479 11021 0 0
19320 11585 10915 0 0
19504 12442 10058 0 0
19688 10851 11649 0 0
19872 10472 12028 0 0
20056 13097 9403 0 0
20240 12010 10490 0 0
20424 10436 12064 0 0
20608 11910 10590 0 0
20792 10250 12250 0 0
20976 9590 12910 0 0
21160 13384 9116 0 0
21344 11046 11454 0 0
21528 12570 9930 0 0
21712 9840 12660 0 0
21896 10041 12459 0 0
22080 9716 12784 0 0
22264 10107 12393 0 0
22448 8787 13713 0 0
22632 11878 10622 0 0
22816 11306 11194 0 0
23000 11318 11182 0 0
23184 8400 14100 0 0
23368 12145 10355 0 0
23552 9276 13224 0 0
23736 10965 11535 0 0
23920 10291 12209 0 0
24104 10367 12133 0 0
24288 10246 12254 0 0
24472 12553 9947 0 0
24656 12572 9928 0 0
24840 11508 10992 0 0
25024 8566 13934 0 0
25208 10218 12282 0 0
25392 10116 12384 0 0
25576 11353 11147 0 0
25760 11160 11340 0 0
25944 10396 12104 0 0
26128 10059 12441 0 0
26312 10612 11888 0 0
26496 9618 12882 0 0
26680 10527 11973 0 0
26864 12691 9809 0 0
27048 11287 11213 0 0
27232 10626 11874 0 0
27416 10098 12402 0 0
27600 10941 11559 0 0
27784 10665 11835 0 0
27968 10610 11890 0 0
28152 9924 12576 0 0
28336 10636 11864 0 0
28520 9309 13191 0 0
28704 9580 12920 0 0
28888 11119 11381 0 0
29072 9625 12875 0 0
29256 13154 9346 0 0
29440 9418 13082 0 0
29624 9265 13235 0 0
29808 10333 12167 0 0
29992 10412 12088 0 0
30176 10901 11599 0 0
30360 10260 12240 0 0
30544 9444 13056 0 0
30728 9922 12578 0 0
30912 7626 14874 0 0
31096 9038 13462 0 0
31280 9990 12510 0 0
31464 10356 12144 0 0
31648 10641 11859 0 0
31832 9730 12770 0 0
32016 10244 12256 0 0
32200 12277 10223 0 0
32384 10094 12406 0 0
32568 9197 13303 0 0
32752 9118 13382 0 0
32936 11128 11372 0 0
33120 11431 11069 0 0
33304 11354 11146 0 0
33488 10563 11937 0 0
33672 10231 12269 0 0
33856 8702 13798 0 0
34040 9579 12921 0 0
34224 10515 11985 0 0
34408 8776 13724 0 0
34592 8862 13638 0 0
34776 7666 14834 0 0
34960 10647 11853 0 0
35144 7417 15083 0 0
35328 9709 12791 0 0
35512 8488 14012 0 0
35696 11431 11069 0 0
35880 9234 13266 0 0
36064 11248 11252 0 0
36248 8876 13624 0 0
36432 9952 12548 0 0
36616 12043 10457 0 0
36800 11162 11338 0 0
36984 12197 10303 0 0
37168 10748 11752 0 0
37352 8867 13633 0 0
37536 9248 13252 0 0
37720 10124 12376 0 0
37904 10445 12055 0 0
38088 10109 12391 0 0
38272 10287 12213 0 0
38456 11635 10865 0 0
38640 10456 12044 0 0
38824 9263 13237 0 0
39008 9730 12770 0 0
39192 10627 11873 0 0
39376 10091 12409 0 0
39560 11005 11495 0 0
39744 8506 13994 0 0
39928 10523 11977 0 0
40112 7925 14575 0 0
40296 10349 12151 0 0
40480 9954 12546 0 0
40664 12089 10411 0 0
40848 11130 11370 0 0
41032 9283 13217 0 0
41216 9178 13322 0 0
41400 8558 13942 0 0
41584 10355 12145 0 0
41768 10792 11708 0 0
41952 10858 11642 0 0
42136 8780 13720 0 0
42320 10819 11681 0 0
42504 9622 12878 0 0
42688 9953 12547 0 0
42872 9471 13029 0 0
43056 8401 14099 0 0
43240 8621 13879 0 0
43424 7209 15291 0 0
43608 10899 11601 0 0
43792 8159 14341 0 0
43976 9192 13308 0 0
44160 11353 11147 0 0
44344 10305 12195 0 0
44528 10371 12129 0 0
44712 9944 12556 0 0
44896 10854 11646 0 0
45080 9271 13229 0 0
45264 8862 13638 0 0
45448 8468 14032 0 0
45632 8902 13598 0 0
45816 10051 12449 0 0
46000 10072 12428 0 0
46184 10385 12115 0 0
46368 10975 11525 0 0
46552 9665 12835 0 0
46736 10233 12267 0 0
46920 11052 11448 0 0
47104 10439 12061 0 0
47288 9367 13133 0 0
47472 8260 14240 0 0
47656 11036 11464 0 0
47840 9244 13256 0 0
48024 9859 12641 0 0
48208 7698 14802 0 0
48392 11418 11082 0 0
48576 8494 14006 0 0
