0 0 0 4500 0
920 0 0 0 4500
1840 0 0 4500 0
2760 0 0 4359 141
3680 0 0 4500 0
4600 0 0 0 4500
5520 0 0 4500 0
6440 0 0 4360 140
7360 0 0 1410 3090
8280 0 0 1217 3283
9200 0 0 1622 2878
10120 0 0 1445 3055
11040 0 0 1955 2545
11960 0 0 1840 2660
12880 0 0 1951 2549
13800 0 0 1896 2604
14720 0 0 1912 2588
15640 0 0 2524 1976
16560 0 0 1833 2667
17480 0 0 1916 2584
18400 0 0 2149 2351
19320 0 0 2092 2408
20240 0 0 2151 2349
21160 0 0 2357 2143
22080 0 0 1711 2789
23000 0 0 2009 2491
23920 0 0 1776 2724
24840 0 0 1988 2512
25760 0 0 1802 2698
26680 0 0 1679 2821
27600 0 0 1688 2812
28520 0 0 1297 3203
29440 0 0 1251 3249
30360 0 0 1353 3147
31280 0 0 1282 3218
32200 0 0 1644 2856
33120 0 0 1547 2953
34040 0 0 1193 3307
34960 0 0 1294 3206
35880 0 0 1130 3370
36800 0 0 1395 3105
37720 0 0 1217 3283
38640 0 0 1278 3222
39560 0 0 1296 3204
40480 0 0 1204 3296
41400 0 0 984 3516
42320 0 0 1338 3162
43240 0 0 1001 3499
44160 0 0 1351 3149
45080 0 0 1076 3424
46000 0 0 1208 3292
46920 0 0 1343 3157
47840 0 0 1072 3428
48760 0 0 1199 3301
49680 0 0 878 3622
50600 0 0 1116 3384
51520 0 0 1082 3418
52440 0 0 1091 3409
53360 0 0 899 3601
54280 0 0 976 3524
55200 0 0 1166 3334
56120 0 0 1119 3381
57040 0 0 1073 3427
57960 0 0 1219 3281
58880 0 0 1254 3246
59800 0 0 1079 3421
60720 0 0 955 3545
61640 0 0 1025 3475
62560 0 0 1092 3408
63480 0 0 1287 3213
64400 0 0 1024 3476
65320 0 0 980 3520
66240 0 0 1354 3146
67160 0 0 997 3503
68080 0 0 1291 3209
69000 0 0 1182 3318
69920 0 0 997 3503
70840 0 0 1236 3264
71760 0 0 1068 3432
72680 0 0 1154 3346
73600 0 0 1381 3119
74520 0 0 1208 3292
75440 0 0 1017 3483
76360 0 0 1039 3461
77280 0 0 1102 3398
78200 0 0 1131 3369
79120 0 0 1293 3207
80040 0 0 1253 3247
80960 0 0 1085 3415
81880 0 0 1006 3494
82800 0 0 1300 3200
83720 0 0 1255 3245
84640 0 0 1003 3497
85560 0 0 1008 3492
86480 0 0 1097 3403
87400 0 0 1291 3209
88320 0 0 1025 3475
89240 0 0 1027 3473
90160 0 0 1091 3409
91080 0 0 1123 3377
92000 0 0 1203 3297
92920 0 0 1098 3402
93840 0 0 1149 3351
94760 0 0 1201 3299
95680 0 0 1156 3344
96600 0 0 1152 3348
97520 0 0 1075 3425
98440 0 0 970 3530
99360 0 0 1235 3265
100280 0 0 1002 3498
101200 0 0 1289 3211
102120 0 0 1125 3375
103040 0 0 1173 3327
103960 0 0 1452 3048
104880 0 0 1140 3360
105800 0 0 1081 3419
106720 0 0 977 3523
107640 0 0 1101 3399
108560 0 0 1331 3169
109480 0 0 1059 3441
110400 0 0 1008 3492
111320 0 0 1332 3168
112240 0 0 1315 3185
113160 0 0 1195 3305
114080 0 0 1042 3458
115000 0 0 1249 3251
115920 0 0 914 3586
116840 0 0 1130 3370
117760 0 0 1177 3323
118680 0 0 1195 3305
119600 0 0 1251 3249
120520 0 0 1159 3341
121440 0 0 1115 3385
122360 0 0 942 3558
123280 0 0 1058 3442
124200 0 0 1264 3236
125120 0 0 1153 3347
126040 0 0 1209 3291
126960 0 0 917 3583
127880 0 0 1048 3452
128800 0 0 1018 3482
129720 0 0 875 3625
130640 0 0 1477 3023
131560 0 0 896 3604
132480 0 0 1132 3368
133400 0 0 1145 3355
134320 0 0 1145 3355
135240 0 0 1193 3307
136160 0 0 1044 3456
137080 0 0 1040 3460
137706 0 0 989 3511
