49128 0.419004998099
49312 0.404871335582
49496 0.463036395403
49680 0.384537805801
49864 0.477562752621
50048 0.420571161858
50232 0.416549738857
50416 0.437707686198
50600 0.435992268775
50784 0.47216932556
50968 0.434417559689
51152 0.421129109628
51336 0.401668262583
51520 0.435606597014
51704 0.435585797245
51888 0.455931845783
52072 0.410251411394
52256 0.437245732913
52440 0.439905595854
52624 0.437936346621
52808 0.461333905058
52992 0.369247705111
53176 0.384360682855
53360 0.39869878371
53544 0.500032349285
53728 0.436440032985
53912 0.475282033652
54096 0.447336768014
54280 0.40728657072
54464 0.46927798361
54648 0.406300774261
54832 0.437540653921
55016 0.485707497323
55200 0.456568277032
55384 0.495041084949
55568 0.431815650242
55752 0.388050656508
55936 0.393310438773
56120 0.44863899284
56304 0.463057220068
56488 0.461465488915
56672 0.45400740808
56856 0.455457358328
57040 0.432618279765
57224 0.382609302643
57408 0.39927094792
57592 0.469507957511
57776 0.448490499005
57960 0.478434501322
58144 0.484405444388
58328 0.475609807077
58512 0.409780071806
58696 0.385150417321
58880 0.47228144761
59064 0.466283003993
59248 0.428017163306
59432 0.455597706951
59616 0.450501450122
59800 0.435132220155
59984 0.460693406037
60168 0.461094926541
60352 0.400478540879
60536 0.457146992989
60720 0.406992395717
60904 0.410107111059
61088 0.437480678125
61272 0.429988500419
61456 0.467812016304
61640 0.422759145019
61824 0.433001186607
62008 0.410094093883
62192 0.419093357384
62376 0.477675506812
62560 0.455537572431
62744 0.466449940875
62928 0.41582955284
63112 0.494530602046
63296 0.464348972685
63480 0.474063600173
63664 0.476091994054
63848 0.400528360548
64032 0.44649933634
64216 0.447755620113
64400 0.425807941922
64584 0.469685274487
64768 0.446600217428
64952 0.43217654153
65136 0.434022455374
65320 0.415276247014
65504 0.457373188791
65688 0.460919934749
65872 0.452337171054
66056 0.441827875158
66240 0.499623187973
66424 0.421250295973
66608 0.412063536524
66792 0.454742016284
66976 0.436213510296
67160 0.430252450139
67344 0.484841575149
67528 0.44867014731
67712 0.509601605516
67896 0.431226226903
68080 0.478933330127
68264 0.441931887811
68448 0.40785612326
68632 0.445729690525
68816 0.397059165229
69000 0.462203594018
69184 0.445859891874
69368 0.428821777368
69552 0.416943524444
69736 0.434929679355
69920 0.42008811905
70104 0.421893706252
70288 0.400375811076
70472 0.448522074241
70656 0.422611887312
70840 0.470984983716
71024 0.427105463574
71208 0.434433958894
71392 0.433376748086
71576 0.436005406847
71760 0.448075950046
71944 0.444459456422
72128 0.419273477977
72312 0.392282073053
72496 0.45741142504
72680 0.443997283438
72864 0.444927416412
73048 0.452418339997
73232 0.468746539161
73416 0.465056641827
73600 0.491995642274
73784 0.459592271623
