49128 0.731443626796
49312 0.725929332188
49496 0.739504728731
49680 0.72158730859
49864 0.754593876185
50048 0.734483436807
50232 0.732738483525
50416 0.734315324323
50600 0.737652210241
50784 0.747465997823
50968 0.732001929037
51152 0.731203793026
51336 0.724889584432
51520 0.731052761712
51704 0.733627977063
51888 0.75175201944
52072 0.730357960278
52256 0.732560950299
52440 0.745566903082
52624 0.729731970065
52808 0.745653954089
52992 0.714055712253
53176 0.720638462586
53360 0.725296036249
53544 0.754197008858
53728 0.732451754213
53912 0.752688415103
54096 0.742439875282
54280 0.735244904951
54464 0.750464864943
54648 0.732959567482
54832 0.739154635858
55016 0.753327917233
55200 0.748580901431
55384 0.759496421479
55568 0.742147829923
55752 0.732029996819
55936 0.737829988285
56120 0.748062865915
56304 0.756030969762
56488 0.750558072519
56672 0.753310412088
56856 0.746611128241
57040 0.733521683226
57224 0.729423719267
57408 0.737893942337
57592 0.749598454262
57776 0.741645013524
57960 0.74739225842
58144 0.758448498238
58328 0.756007758319
58512 0.735960182073
58696 0.725306648296
58880 0.757199047246
59064 0.758994471154
59248 0.738893938437
59432 0.752748361403
59616 0.746996956657
59800 0.73586717248
59984 0.753919212611
60168 0.745653008726
60352 0.736352126692
60536 0.750827341944
60720 0.739073858717
60904 0.738876206376
61088 0.751985891981
61272 0.744079469723
61456 0.756143003694
61640 0.744588045547
61824 0.740491482048
62008 0.735879928997
62192 0.740153392715
62376 0.761583373706
62560 0.750908603559
62744 0.760582000876
62928 0.735529255624
63112 0.764032837018
63296 0.754992135783
63480 0.765447886043
63664 0.751038745728
63848 0.740874190047
64032 0.744298720413
64216 0.752134104455
64400 0.747051796333
64584 0.757768495116
64768 0.754242354534
64952 0.747933728398
65136 0.746405204223
65320 0.738531232939
65504 0.75817270808
65688 0.762667396314
65872 0.757610082914
66056 0.747419426907
66240 0.764829086889
66424 0.745449257837
66608 0.746253438752
66792 0.755328283781
66976 0.748356957444
67160 0.7464270802
67344 0.761805942963
67528 0.752400054026
67712 0.773124034792
67896 0.748016635725
68080 0.763461613926
68264 0.753573999047
68448 0.744011404563
68632 0.754348123582
68816 0.741501141137
69000 0.758547418474
69184 0.755149839666
69368 0.744932257203
69552 0.739934942329
69736 0.750272015649
69920 0.744775608549
70104 0.748403974711
70288 0.743690249666
70472 0.757350330046
70656 0.749936085549
70840 0.762801489425
71024 0.750969343421
71208 0.751990084304
71392 0.746594118786
71576 0.755990967693
71760 0.759886585413
71944 0.758025355888
72128 0.748898748895
72312 0.742591866872
72496 0.758299499135
72680 0.759163950604
72864 0.754350128422
73048 0.759588838025
73232 0.75865532405
73416 0.759819088802
73600 0.773442611704
73784 0.76064044736
73968 0.75414354577
74152 0.750164791128
74336 0.7492761905
74520 0.763453002049
74704 0.764761025418
74888 0.775761522106
