49128 0.213284185086
49312 0.210348365545
49496 0.22840970779
49680 0.20130644877
49864 0.229736998432
50048 0.210947287793
50232 0.212539101028
50416 0.221862597776
50600 0.216830488096
50784 0.232014959634
50968 0.221390451089
51152 0.215215302793
51336 0.211006052662
51520 0.225767058937
51704 0.220979934413
51888 0.213636253632
52072 0.211528011432
52256 0.225804361586
52440 0.215150474529
52624 0.225399389985
52808 0.224029597991
52992 0.198253560754
53176 0.206591989052
53360 0.205714746415
53544 0.239183964875
53728 0.219176189508
53912 0.222747543762
54096 0.218091781344
54280 0.199092720093
54464 0.223985308483
54648 0.201979734548
54832 0.211734522888
55016 0.234012742764
55200 0.2206352165
55384 0.2316648707
55568 0.210635761504
55752 0.194300881486
55936 0.190239576868
56120 0.219170014276
56304 0.215843362771
56488 0.223273447755
56672 0.21253167683
56856 0.215136211557
57040 0.214364672424
57224 0.192189683188
57408 0.196655228521
57592 0.223552028812
57776 0.219811423597
57960 0.237916796667
58144 0.227723010924
58328 0.223336878299
58512 0.20034111325
58696 0.198386497044
58880 0.220338985961
59064 0.216579052678
59248 0.209591824139
59432 0.215513349336
59616 0.21733050989
59800 0.218389623742
59984 0.219139229801
60168 0.223974784237
60352 0.198437991821
60536 0.21824026598
60720 0.196535889104
60904 0.200929537434
61088 0.203004719618
61272 0.20378537115
61456 0.217988941789
61640 0.202017218192
61824 0.210295172185
62008 0.204630379058
62192 0.206476472284
62376 0.21913033319
62560 0.215600653468
62744 0.213008663956
62928 0.201945447847
63112 0.22531568289
63296 0.212432509989
63480 0.211953041629
63664 0.225484254805
63848 0.193967950671
64032 0.213020085649
64216 0.208342148151
64400 0.203062428962
64584 0.214716177408
64768 0.206663200599
64952 0.20176700757
65136 0.208020535582
65320 0.204009502704
65504 0.212455147686
65688 0.20584644288
65872 0.210569583006
66056 0.209700656721
66240 0.225451637226
66424 0.201369550077
66608 0.194865831497
66792 0.211838166562
66976 0.203709608795
67160 0.20408285695
67344 0.220578022535
67528 0.211099230175
67712 0.226195277417
67896 0.204408932972
68080 0.218944612525
68264 0.202493560286
68448 0.195971854581
68632 0.206375053524
68816 0.19135246094
69000 0.211742756323
69184 0.207410853022
69368 0.205412739924
69552 0.2040373756
69736 0.202041250185
69920 0.198163673366
70104 0.197445444612
70288 0.192131887062
70472 0.204687023309
70656 0.196774416604
70840 0.212342789018
71024 0.197208624783
71208 0.20363913866
71392 0.204820530167
71576 0.201658112825
71760 0.205501812931
71944 0.202582690325
72128 0.19389099647
72312 0.185680232525
72496 0.206683621425
72680 0.198369169169
72864 0.202947386444
73048 0.20222301499
73232 0.214123421554
73416 0.211480514437
73600 0.210798736788
73784 0.206019637233
73968 0.202968341584
74152 0.186760053414
