49128 0.708513326966
49312 0.721036438879
49496 0.668632035159
49680 0.735699029946
49864 0.657435535518
50048 0.709479285337
50232 0.709713200334
50416 0.685596132664
50600 0.695552186888
50784 0.660715776907
50968 0.693479167911
51152 0.706195327263
51336 0.721082381649
51520 0.687823324229
51704 0.693983606933
51888 0.676468604141
52072 0.713127983572
52256 0.688773810077
52440 0.689335597296
52624 0.690625425244
52808 0.66882691938
52992 0.750623429
53176 0.734293354345
53360 0.728180471207
53544 0.634377325888
53728 0.69387873065
53912 0.664014896913
54096 0.686196554587
54280 0.720263908795
54464 0.663027551018
54648 0.722820064275
54832 0.697499342275
55016 0.648771333231
55200 0.679241466471
55384 0.643502138627
55568 0.699365502083
55752 0.738643832648
55936 0.733681041104
56120 0.683788872621
56304 0.675871092091
56488 0.674279169408
56672 0.682912570233
56856 0.683447652098
57040 0.702910230505
57224 0.744643748341
57408 0.728862852318
57592 0.667272753421
57776 0.684883405683
57960 0.650525523917
58144 0.653983728623
58328 0.664105350873
58512 0.724730993388
58696 0.739130169028
58880 0.665674628745
59064 0.672726839998
59248 0.706404880569
59432 0.680331735189
59616 0.682958873516
59800 0.695573535458
59984 0.673240330583
60168 0.67249958151
60352 0.728254798289
60536 0.677487795706
60720 0.722864048455
60904 0.7199256245
61088 0.697598826234
61272 0.704758232834
61456 0.669465122604
61640 0.709265689001
61824 0.698758736097
62008 0.717571699402
62192 0.712928521006
62376 0.660114367122
62560 0.68281276392
62744 0.671820124767
62928 0.716136187271
63112 0.645870315773
63296 0.676865724227
63480 0.664795552044
63664 0.656767258182
63848 0.731986131798
64032 0.690431536962
64216 0.689035219906
64400 0.709644067824
64584 0.671186422041
64768 0.692083112039
64952 0.705940634041
65136 0.701208313534
65320 0.715622564438
65504 0.680520228904
65688 0.680263373266
65872 0.685777381831
66056 0.693187015822
66240 0.646179997529
66424 0.711650642677
66608 0.720327992036
66792 0.683800700028
66976 0.702733206986
67160 0.705860054578
67344 0.657147550713
67528 0.690690492484
67712 0.637432498107
67896 0.70424666258
68080 0.662760409145
68264 0.70006688808
68448 0.725889032569
68632 0.692806260542
68816 0.73539915956
69000 0.679426947229
69184 0.692987976464
69368 0.706889758517
69552 0.71763994652
69736 0.703442902438
69920 0.716448869079
70104 0.715833353694
70288 0.731269784528
70472 0.691448588752
70656 0.712398128695
70840 0.671044993079
71024 0.711150382545
71208 0.702706400439
71392 0.705087043566
71576 0.702398447669
71760 0.69381442372
71944 0.695590383052
72128 0.719699779726
72312 0.740951209494
72496 0.688128065323
72680 0.696193314387
72864 0.692713842689
73048 0.692414941415
73232 0.67401287707
73416 0.679526410997
73600 0.654845769012
73784 0.684833691645
73968 0.70110467563
74152 0.732872318633
