49128 0.298355846943
49312 0.3045559833
49496 0.290287366174
49680 0.312567138633
49864 0.275395881549
50048 0.299069232417
50232 0.295987300846
50416 0.299464807586
50600 0.295770898399
50784 0.282323584183
50968 0.301752474027
51152 0.300646769566
51336 0.300865685249
51520 0.29491806511
51704 0.294562505961
51888 0.281386782134
52072 0.293489340533
52256 0.292795636338
52440 0.286532513193
52624 0.299666770337
52808 0.287171645555
52992 0.313680566292
53176 0.308717132852
53360 0.306883631355
53544 0.279458521499
53728 0.293221343941
53912 0.280398033421
54096 0.288119766064
54280 0.299341361803
54464 0.283280216163
54648 0.294770817095
54832 0.290273038187
55016 0.278420334072
55200 0.278391702118
55384 0.274311444465
55568 0.29270038751
55752 0.305918238289
55936 0.302215092728
56120 0.28575784581
56304 0.277051357534
56488 0.283207075687
56672 0.279958260276
56856 0.288004673156
57040 0.293817909828
57224 0.308108868899
57408 0.300640640498
57592 0.282096799217
57776 0.289896048211
57960 0.279506274308
58144 0.272920752593
58328 0.272888339158
58512 0.296862910664
58696 0.313731295735
58880 0.274662991597
59064 0.270711466619
59248 0.288822858829
59432 0.279704484646
59616 0.283422257216
59800 0.289922675494
59984 0.27315301331
60168 0.283373302225
60352 0.300731951801
60536 0.286982542405
60720 0.296026315746
60904 0.291304779017
61088 0.274103022769
61272 0.286259617516
61456 0.2781686025
61640 0.289148293447
61824 0.290368712951
62008 0.295161933679
62192 0.288409558276
62376 0.267599156713
62560 0.280452450527
62744 0.272622141065
62928 0.29098283766
63112 0.266852729316
63296 0.27664574651
63480 0.267472093202
63664 0.279530746078
63848 0.291046422539
64032 0.287884307441
64216 0.280458015575
64400 0.279471802419
64584 0.27313436885
64768 0.278642822154
64952 0.28266025898
65136 0.284931439899
65320 0.295227831902
65504 0.271391306992
65688 0.274845846436
65872 0.277828805659
66056 0.282422513335
66240 0.265583413942
66424 0.282232315619
66608 0.287227168042
66792 0.277872073128
66976 0.286239660921
67160 0.288191360886
67344 0.268849934904
67528 0.273407106852
67712 0.261111329126
67896 0.286985533279
68080 0.26693894528
68264 0.278758661502
68448 0.290003812679
68632 0.276947289995
68816 0.291040624419
69000 0.273770318557
69184 0.273912388565
69368 0.282407577317
69552 0.291256343073
69736 0.28359377069
69920 0.28699561413
70104 0.283646172396
70288 0.289103974647
70472 0.274775876631
70656 0.280692889739
70840 0.271318779698
71024 0.282960368271
71208 0.283121263059
71392 0.279729919712
71576 0.274972307514
71760 0.270842840456
71944 0.275930593869
72128 0.287847573767
72312 0.291432674181
72496 0.267367334085
72680 0.279064709177
72864 0.279278671039
73048 0.270224271816
73232 0.272028926009
73416 0.273150270148
73600 0.264485929152
73784 0.269076864526
73968 0.276648136088
74152 0.279812890194
74336 0.287562560308
74520 0.274040323136
74704 0.263913637618
74888 0.256444092053
75072 0.267818227589
75256 0.295719788419
75440 0.278576853662
75624 0.266881447867
75808 0.273398807809
75992 0.28987657257
76176 0.273217574506
76360 0.28180413071
76544 0.273885289903
76728 0.278991980616
76912 0.27050982742
77096 0.2778586627
77280 0.272813217213
77464 0.266587817644
77648 0.265323686963
77832 0.268984723093
78016 0.270170022357
78200 0.274448633682
78384 0.278576328475
78568 0.269616586931
78752 0.275498379498
78936 0.285650756887
79120 0.27035658053
79304 0.293026075334
79488 0.286759476083
79672 0.281397899843
79856 0.272886523721
80040 0.26297085026
80224 0.268553510773
80408 0.281952101372
80592 0.267136377352
80776 0.28266659935
80960 0.270572229619
81144 0.268031822033
81328 0.275797339017
81512 0.274513351701
81696 0.26660209797
81880 0.278224833691
82064 0.276882810921
82248 0.276030936012
82432 0.265328263471
82616 0.27677382074
82800 0.264855713087
82984 0.277544896419
83168 0.270954560352
83352 0.283435920819
83536 0.271452018555
83720 0.267595450805
83904 0.2741264354
84088 0.262451645246
84272 0.266460741995
84456 0.291183360805
84640 0.274237398971
84824 0.268287556187
85008 0.275010828267
85192 0.272263405594
85376 0.267479327447
85560 0.277798813908
85744 0.269198579483
85928 0.268217469897
86112 0.271859288723
86296 0.286178472082
86480 0.264956160675
86664 0.266810693031
86848 0.280478578429
87032 0.26953070665
87216 0.255494700845
87400 0.260059751588
87584 0.288408450616
87768 0.262535989316
87952 0.264809069997
88136 0.275149005569
88320 0.273873617524
88504 0.295126354239
88688 0.271687403724
88872 0.26522111981
89056 0.26997489562
89240 0.269035035442
89424 0.254732050144
89608 0.260277120077
89792 0.264102160006
89976 0.271396378641
90160 0.259523866025
90344 0.265880299886
90528 0.258774853615
90712 0.287082336854
90896 0.261434634312
91080 0.264281666882
91264 0.255971461554
91448 0.263495087308
91632 0.273923939202
91780 0.270636164823
