49128 0.825942360807
49312 0.831598179617
49496 0.807340029692
49680 0.837313186946
49864 0.807616314606
50048 0.830657868114
50232 0.8262842553
50416 0.812846289253
50600 0.823558200576
50784 0.805735875851
50968 0.8171823344
51152 0.822304815998
51336 0.826808593911
51520 0.812746575547
51704 0.818065434363
51888 0.818572000598
52072 0.825215953608
52256 0.811665178539
52440 0.818371571483
52624 0.812287384289
52808 0.806195136704
52992 0.842155243007
53176 0.834610420615
53360 0.835590134599
53544 0.795162305726
53728 0.818558826515
53912 0.812969109411
54096 0.817821566393
54280 0.836841776521
54464 0.810707070128
54648 0.834631134446
54832 0.8230438163
55016 0.801285207077
55200 0.816012094223
55384 0.80266601886
55568 0.827473331863
55752 0.843124477148
55936 0.84389480696
56120 0.815367432045
56304 0.81775056382
56488 0.812923655588
56672 0.82094948732
56856 0.821906084868
57040 0.827788046458
57224 0.848434250538
57408 0.839631453093
57592 0.810958639065
57776 0.815766790407
57960 0.79810807068
58144 0.805230739597
58328 0.811523926209
58512 0.840425208744
58696 0.840620795299
58880 0.813708505709
59064 0.818250564744
59248 0.82814870058
59432 0.81931017978
59616 0.816200889751
59800 0.819032492838
59984 0.815015689445
60168 0.810137112099
60352 0.837940934599
60536 0.817048191492
60720 0.838249045306
60904 0.83520918505
61088 0.827901440645
61272 0.831495219407
61456 0.817474679213
61640 0.831997968975
61824 0.823298507684
62008 0.829767610851
62192 0.831426992126
62376 0.812927482381
62560 0.819456204477
62744 0.818239601476
62928 0.834132415576
63112 0.808547177343
63296 0.821706547831
63480 0.818290196957
63664 0.808630703836
63848 0.844898008444
64032 0.822522915801
64216 0.825453693632
64400 0.833595348055
64584 0.818743336063
64768 0.828853180137
64952 0.833806580674
65136 0.829638020696
65320 0.832542162853
65504 0.822811023238
65688 0.827353075611
65872 0.824513913692
66056 0.824932568862
66240 0.80946548004
66424 0.837004499749
66608 0.838682577462
66792 0.823768559007
66976 0.833617276953
67160 0.832125238762
67344 0.812007930285
67528 0.82498014038
67712 0.808443346067
67896 0.832409074165
68080 0.816589191344
68264 0.833565819292
68448 0.842347665322
68632 0.829591955834
68816 0.846457936828
69000 0.823275083465
69184 0.82889771686
69368 0.830960163441
69552 0.835853929219
69736 0.833774636406
69920 0.83908670294
70104 0.840110354325
70288 0.846112581238
70472 0.829287973557
70656 0.83758819283
70840 0.82190585047
71024 0.837610645828
71208 0.83225257943
71392 0.831091556232
71576 0.834040331783
71760 0.831879250492
71944 0.832803987158
72128 0.844103277572
72312 0.851371058975
72496 0.828780869805
72680 0.836061363019
72864 0.831769694506
73048 0.831316419836
73232 0.821487579729
73416 0.82376228804
73600 0.821930483407
73784 0.829328922392
73968 0.833223236018
74152 0.849460117905
74336 0.847730885876
74520 0.829529384853
74704 0.829535464857
74888 0.81689680403
