0 0.692875266075
1 0.692822098732
2 0.690979361534
3 0.688826680183
4 0.695370256901
5 0.695029079914
6 0.693951129913
7 0.680230557919
8 0.695139706135
9 0.715924620628
10 0.70045030117
11 0.697356522083
12 0.690355420113
13 0.697710871696
14 0.707578480244
15 0.690839886665
16 0.694784760475
17 0.692312896252
18 0.693253815174
19 0.69040709734
20 0.692853569984
21 0.695217251778
22 0.697330951691
23 0.703921496868
24 0.693347871304
25 0.702650845051
26 0.686503589153
27 0.696780562401
28 0.698933243752
29 0.694441139698
30 0.693212032318
31 0.69324016571
32 0.692829728127
33 0.695332407951
34 0.69388884306
35 0.691920101643
36 0.693053662777
37 0.696712136269
38 0.687208533287
39 0.691895484924
40 0.690608203411
41 0.69053375721
42 0.702062249184
43 0.695970416069
44 0.68826520443
45 0.689620137215
46 0.685112118721
47 0.709543347359
48 0.6897970438
49 0.692909419537
50 0.68879544735
51 0.699299275875
52 0.69406157732
53 0.69486361742
54 0.693048000336
55 0.693014323711
56 0.694034695625
57 0.692834556103
58 0.696978926659
59 0.692145347595
60 0.690745532513
61 0.689731001854
62 0.696641147137
63 0.695841610432
64 0.692892551422
65 0.691992580891
66 0.692871749401
67 0.697720766068
68 0.694116234779
69 0.695038735867
70 0.692543923855
71 0.693042933941
72 0.69321346283
73 0.696153044701
74 0.691539764404
75 0.693627297878
76 0.696306705475
77 0.690351366997
78 0.69817763567
79 0.692081570625
80 0.692130446434
81 0.693496823311
82 0.69108736515
83 0.689878463745
84 0.692841410637
85 0.694472551346
86 0.696294128895
87 0.688077449799
88 0.699833273888
89 0.68835246563
90 0.696711063385
91 0.692150235176
92 0.694046139717
93 0.696382880211
94 0.691887259483
95 0.692885816097
96 0.692927718163
97 0.69298261404
98 0.694006443024
99 0.693149924278
100 0.693354427814
101 0.694364190102
102 0.693161249161
103 0.69250023365
104 0.691026091576
105 0.697065770626
106 0.699799180031
107 0.690380215645
108 0.697160422802
109 0.696655392647
110 0.696199536324
111 0.691676318645
112 0.692877590656
113 0.693112075329
114 0.693176567554
115 0.692702889442
116 0.693515181541
117 0.689527690411
118 0.695245206356
119 0.687871992588
120 0.706280887127
121 0.682615160942
122 0.700902283192
123 0.691955089569
124 0.697970449924
125 0.686275362968
126 0.706005454063
127 0.693093001842
128 0.692925632
129 0.695061087608
130 0.691415429115
131 0.692591309547
132 0.694557964802
133 0.693140387535
134 0.696248948574
135 0.692641079426
136 0.691092669964
137 0.694712638855
138 0.689699530602
139 0.689270079136
140 0.702823579311
141 0.69596683979
142 0.689143061638
143 0.69774711132
144 0.692877590656
145 0.692079663277
146 0.696261167526
147 0.69436275959
148 0.691216647625
149 0.694790363312
150 0.693109273911
151 0.69302046299
152 0.694326579571
153 0.695446431637
154 0.693349480629
155 0.69323694706
156 0.692749619484
157 0.693241477013
158 0.692297816277
159 0.702290654182
160 0.69344741106
161 0.691366910934
162 0.693299055099
163 0.694058299065
164 0.694640874863
165 0.692919015884
166 0.693134307861
167 0.692827105522
168 0.693842053413
169 0.694802820683
170 0.692194402218
171 0.693630993366
172 0.69607436657
173 0.693929493427
174 0.692464709282
175 0.69588804245
176 0.694264411926
177 0.698855996132
178 0.690416812897
179 0.695421218872
180 0.692841112614
181 0.692093908787
182 0.691409468651
183 0.689922630787
184 0.693694770336
185 0.694670200348
186 0.692872524261
187 0.694658994675
188 0.695301413536
189 0.696295142174
190 0.691438436508
191 0.693902254105
192 0.69332587719
193 0.693242192268
194 0.693377017975
195 0.693498849869
196 0.693499445915
197 0.692635655403
198 0.693192601204
199 0.69360101223
200 0.694091141224
201 0.694880783558
202 0.695269286633
203 0.693063557148
204 0.6936211586
205 0.692172825336
206 0.69455575943
207 0.691844105721
208 0.690392673016
209 0.693648993969
210 0.69290292263
211 0.689813435078
212 0.702788591385
213 0.68726670742
214 0.687095940113
215 0.691913962364
216 0.70055359602
217 0.696110129356
218 0.684099376202
219 0.691899716854
220 0.704146683216
221 0.699037134647
222 0.693815052509
223 0.695313036442
224 0.691538512707
225 0.692525088787
226 0.693155527115
227 0.693127989769
228 0.693059444427
229 0.692704260349
230 0.692431390285
231 0.698359489441
232 0.690930247307
233 0.69196999073
234 0.695535540581
235 0.696498572826
236 0.69289034605
237 0.692737877369
238 0.692891418934
239 0.693225383759
240 0.693081736565
241 0.693029522896
242 0.69248008728
243 0.694609820843
244 0.694589138031
245 0.69503480196
246 0.692247211933
247 0.693524062634
248 0.693195164204
249 0.692838549614
250 0.692741751671
251 0.693170964718
252 0.692957937717
253 0.69446003437
254 0.694195628166
255 0.692963182926
256 0.690263152122
257 0.692067265511
258 0.701435446739
259 0.698906540871
260 0.693385124207
261 0.693444490433
262 0.701001167297
263 0.694656312466
264 0.703907668591
265 0.692862927914
266 0.696343541145
267 0.693086862564
268 0.693896591663
269 0.692190349102
270 0.693788647652
271 0.698709607124
272 0.690674722195
273 0.689288258553
274 0.690498411655
275 0.690411567688
276 0.688681542873
277 0.686672687531
278 0.700298011303
279 0.692378938198
280 0.690362811089
281 0.69445002079
282 0.712445557117
283 0.707628130913
284 0.68680870533
285 0.701365947723
286 0.693729519844
287 0.693410873413
288 0.69218814373
289 0.692151248455
290 0.69094312191
291 0.691883921623
292 0.699909508228
293 0.688622772694
294 0.68659055233
295 0.694439768791
296 0.696834921837
297 0.692580580711
298 0.688226759434
299 0.692565083504
300 0.70109307766
301 0.698349356651
302 0.688540637493
303 0.696847975254
304 0.687740683556
305 0.705575585365
306 0.698152601719
307 0.692051410675
308 0.693243801594
309 0.695509672165
310 0.695868194103
311 0.689589142799
312 0.701294898987
313 0.690442383289
314 0.693411290646
315 0.693378806114
316 0.693361878395
317 0.698219418526
318 0.69345331192
319 0.692828774452
320 0.693333804607
321 0.693610072136
322 0.684098958969
323 0.695975184441
324 0.688749015331
325 0.716941952705
326 0.697733700275
327 0.692072689533
328 0.685613274574
329 0.693509638309
330 0.687508761883
331 0.690461039543
332 0.694861590862
333 0.693345785141
334 0.693254470825
335 0.704665601254
336 0.698875784874
337 0.689857721329
338 0.694274544716
339 0.692811131477
340 0.693069636822
341 0.694876074791
342 0.693002700806
343 0.693279087543
344 0.693199813366
345 0.69313544035
346 0.693750143051
347 0.693396925926
348 0.692040801048
349 0.691936135292
350 0.692030549049
351 0.690691530704
352 0.710231781006
353 0.701392591
354 0.684565663338
355 0.685993790627
356 0.69823807478
357 0.68884408474
358 0.698244452477
359 0.694914460182
360 0.697362065315
361 0.689554214478
362 0.702315449715
363 0.697141647339
364 0.693221688271
365 0.69297349453
366 0.692844152451
367 0.699378609657
368 0.691006302834
369 0.68743211031
370 0.690542459488
371 0.693531155586
372 0.688602089882
373 0.692251503468
374 0.686221718788
375 0.694862723351
376 0.699739992619
377 0.706565380096
378 0.713781177998
379 0.68862849474
380 0.700367093086
381 0.696868240833
382 0.691806256771
383 0.692629635334
384 0.692895114422
385 0.693695187569
386 0.690957129002
387 0.693757236004
388 0.692984700203
389 0.694370627403
390 0.685153186321
391 0.693512260914
392 0.703875243664
393 0.708692729473
394 0.693330109119
395 0.689543366432
396 0.693948090076
397 0.692055106163
398 0.691527843475
399 0.692848622799
400 0.692841410637
401 0.692866206169
402 0.693214595318
403 0.69528734684
404 0.693386852741
405 0.694253802299
406 0.696449637413
407 0.69569247961
408 0.694321990013
409 0.697763502598
410 0.693898081779
411 0.693566322327
412 0.693156421185
413 0.693393409252
414 0.692920148373
415 0.693186819553
416 0.690298259258
417 0.692283093929
418 0.690388083458
419 0.695229649544
420 0.690571129322
421 0.696490764618
422 0.696890354156
423 0.695329666138
424 0.695264875889
425 0.681113183498
426 0.703265786171
427 0.70100748539
428 0.694482386112
429 0.68770980835
430 0.69939827919
431 0.694807231426
432 0.691806197166
433 0.693771004677
434 0.69348603487
435 0.691756606102
436 0.693383336067
437 0.69808781147
438 0.69205391407
439 0.691180348396
440 0.692898094654
441 0.705755114555
442 0.697448551655
443 0.692850887775
444 0.693009197712
445 0.693147063255
446 0.695253014565
447 0.691553235054
448 0.696549773216
449 0.694136023521
450 0.693219840527
451 0.694621920586
452 0.693366706371
453 0.692198634148
454 0.700175583363
455 0.695505619049
456 0.689160346985
457 0.697207689285
458 0.697293162346
459 0.695924580097
460 0.697102665901
461 0.686712145805
462 0.693424522877
463 0.692248165607
464 0.69226539135
465 0.693997263908
466 0.693949818611
467 0.695340156555
468 0.693226337433
469 0.693974971771
470 0.693099141121
471 0.695201218128
472 0.692321002483
473 0.692477703094
474 0.69431078434
475 0.693896651268
476 0.694972336292
477 0.695146203041
478 0.692621648312
479 0.693339645863
480 0.693186759949
481 0.69239962101
482 0.691749215126
483 0.696330666542
484 0.698221981525
485 0.693832278252
486 0.691972017288
487 0.686266064644
488 0.701780319214
489 0.694008409977
490 0.694855690002
491 0.690313518047
492 0.694466710091
493 0.689301908016
494 0.69355237484
495 0.693540453911
496 0.691483974457
497 0.697603523731
498 0.688445687294
499 0.692845702171
500 0.697225391865
501 0.69649553299
502 0.693497240543
503 0.693091630936
504 0.692444443703
505 0.693691134453
506 0.692824542522
507 0.696936905384
508 0.694637417793
509 0.692884802818
510 0.698217213154
511 0.695900142193
512 0.693964838982
513 0.689763426781
514 0.692877650261
515 0.694254100323
516 0.692374706268
517 0.694771170616
518 0.693530142307
519 0.692880809307
520 0.695675194263
521 0.693970620632
522 0.696094214916
523 0.693715572357
524 0.692798733711
525 0.692067444324
526 0.694379806519
527 0.687697410583
528 0.696113467216
529 0.696971774101
530 0.679522633553
531 0.708851158619
532 0.711392045021
533 0.690334320068
534 0.697456598282
535 0.69668596983
536 0.698445439339
537 0.694885849953
538 0.694673240185
539 0.693186879158
540 0.693356156349
541 0.692132949829
542 0.696147143841
543 0.689552009106
544 0.700246870518
545 0.697326302528
546 0.699126541615
547 0.691157221794
548 0.696420371532
549 0.694841980934
550 0.694779872894
551 0.692351102829
552 0.691621422768
553 0.692952990532
554 0.686195850372
555 0.692174613476
556 0.699234604836
557 0.705193042755
558 0.703170895576
559 0.690580487251
560 0.695306777954
561 0.692699313164
562 0.6989377141
563 0.696117639542
564 0.700445055962
565 0.689180016518
566 0.689733862877
567 0.696432828903
568 0.694079995155
569 0.693590283394
570 0.693534135818
571 0.694274127483
572 0.692330062389
573 0.695019841194
574 0.692869186401
575 0.703855216503
576 0.695511996746
577 0.692138850689
578 0.692266047001
579 0.695186018944
580 0.691529989243
581 0.692944467068
582 0.694081306458
583 0.693316161633
584 0.693165659904
585 0.690204977989
586 0.694814443588
587 0.693774342537
588 0.687601923943
589 0.691878199577
590 0.695023715496
591 0.688640892506
592 0.695896148682
593 0.682559490204
594 0.711272120476
595 0.684246122837
596 0.694391191006
597 0.69629752636
598 0.690329670906
599 0.699256598949
600 0.69842684269
601 0.693250775337
602 0.695232748985
603 0.69705760479
604 0.695289969444
605 0.693226456642
606 0.693827450275
607 0.689170658588
608 0.688948452473
609 0.701787114143
610 0.695296764374
611 0.704738020897
612 0.693907856941
613 0.690330684185
614 0.6989107728
615 0.699910521507
616 0.693271517754
617 0.702265381813
618 0.690490663052
619 0.690288364887
620 0.69108235836
621 0.691905677319
622 0.691764831543
623 0.696114182472
624 0.6941395998
625 0.691852211952
626 0.69223511219
627 0.695802569389
628 0.694203019142
629 0.692875444889
630 0.693014144897
631 0.69296836853
632 0.696613311768
633 0.693250834942
634 0.691362261772
635 0.692493081093
636 0.687601089478
637 0.699797987938
638 0.692881047726
639 0.693838953972
640 0.690976798534
641 0.689841926098
642 0.694181799889
643 0.697889506817
644 0.699967980385
645 0.690962195396
646 0.695430397987
647 0.693510890007
648 0.696328938007
649 0.693382441998
650 0.692744135857
651 0.695885360241
652 0.696560263634
653 0.69621694088
654 0.694716393948
655 0.695493519306
656 0.694638252258
657 0.69304561615
658 0.69259673357
659 0.693260729313
660 0.695942342281
661 0.688354372978
662 0.692908227444
663 0.694203615189
664 0.700901567936
665 0.694420456886
666 0.680891692638
667 0.697284281254
668 0.702945232391
669 0.698163628578
670 0.705528914928
671 0.695936501026
672 0.693296134472
673 0.692582666874
674 0.692827522755
675 0.695314109325
676 0.697670102119
677 0.695234298706
678 0.697295963764
679 0.695643544197
680 0.704358816147
681 0.691971302032
682 0.703285992146
683 0.696379959583
684 0.695187151432
685 0.692453086376
686 0.693353772163
687 0.693171858788
688 0.695740044117
689 0.694083809853
690 0.694270789623
691 0.695121884346
692 0.691352248192
693 0.698077559471
694 0.692829608917
695 0.690788567066
696 0.696284174919
697 0.695324063301
698 0.69276869297
699 0.692743897438
700 0.694458663464
701 0.691929042339
702 0.691569268703
703 0.69857531786
704 0.692848682404
705 0.689378380775
706 0.700658917427
707 0.688428401947
708 0.689266741276
709 0.691929519176
710 0.688735127449
711 0.699044823647
712 0.685870170593
713 0.684057354927
714 0.691937685013
715 0.692039966583
716 0.701293587685
717 0.679228425026
718 0.700202345848
719 0.692340552807
720 0.692344725132
721 0.69624787569
722 0.694091975689
723 0.693876743317
724 0.703520596027
725 0.700173914433
726 0.691916644573
727 0.697842180729
728 0.693827748299
729 0.692813396454
730 0.696565508842
731 0.689667701721
732 0.692989349365
733 0.694593608379
734 0.698122382164
735 0.698522746563
736 0.696877121925
737 0.699747562408
738 0.693291962147
739 0.690687954426
740 0.690829634666
741 0.697838425636
742 0.691261947155
743 0.694773852825
744 0.690031647682
745 0.692855834961
746 0.69326454401
747 0.692552149296
748 0.693533599377
749 0.694046080112
750 0.692627072334
751 0.693150043488
752 0.692926108837
753 0.692937552929
754 0.692737400532
755 0.693177878857
756 0.69125187397
757 0.692852795124
758 0.69532006979
759 0.690020501614
760 0.698734462261
761 0.693683326244
762 0.694444835186
763 0.692814588547
764 0.693495869637
765 0.692244231701
766 0.694422066212
767 0.689424097538
768 0.693309187889
769 0.69712549448
770 0.692432701588
771 0.691448390484
772 0.692500948906
773 0.694534659386
774 0.693252444267
775 0.695322990417
776 0.692398250103
777 0.69374859333
778 0.693246245384
779 0.693036079407
780 0.690740406513
781 0.693836331367
782 0.694273948669
783 0.697271943092
784 0.691967189312
785 0.687110602856
786 0.703012943268
787 0.689771711826
788 0.700375676155
789 0.688319563866
790 0.692001461983
791 0.695361733437
792 0.689862132072
793 0.692076385021
794 0.69356995821
795 0.693545460701
796 0.689381301403
797 0.686103641987
798 0.692920327187
799 0.695334553719
800 0.691874146461
801 0.695955634117
802 0.691909790039
803 0.704643368721
804 0.693141341209
805 0.704142272472
806 0.692049384117
807 0.69482165575
808 0.69332665205
809 0.693609535694
810 0.693248569965
811 0.697384178638
812 0.691642165184
813 0.695478737354
814 0.693456947803
815 0.693435668945
816 0.691703915596
817 0.695037841797
818 0.697158634663
819 0.691669583321
820 0.693007826805
821 0.692740559578
822 0.693252086639
823 0.693852126598
824 0.693060517311
825 0.693107247353
826 0.692630290985
827 0.694463312626
828 0.693882107735
829 0.693216443062
830 0.691439211369
831 0.692407011986
832 0.687873840332
833 0.693661928177
834 0.694955348969
835 0.689577579498
836 0.691886365414
837 0.699284613132
838 0.697946190834
839 0.694832205772
840 0.694623947144
841 0.699378371239
842 0.705392301083
843 0.697103321552
844 0.693427920341
845 0.697395026684
846 0.693492472172
847 0.696498274803
848 0.690898478031
849 0.698831439018
850 0.698906838894
851 0.690845489502
852 0.686853289604
853 0.685618281364
854 0.690685629845
855 0.691886782646
856 0.706909537315
857 0.69191133976
858 0.697363495827
859 0.694344937801
860 0.691895127296
861 0.694795846939
862 0.692848801613
863 0.69906270504
864 0.694133400917
865 0.693136334419
866 0.692872166634
867 0.690884113312
868 0.691944956779
869 0.691892981529
870 0.69497936964
871 0.69889241457
872 0.699308514595
873 0.699270367622
874 0.692033171654
875 0.687197566032
876 0.684208512306
877 0.693558931351
878 0.693583190441
879 0.698262870312
880 0.699309527874
881 0.685423970222
882 0.687018930912
883 0.695553839207
884 0.69656264782
885 0.689816355705
886 0.693919062614
887 0.68836414814
888 0.693799138069
889 0.698233902454
890 0.69205904007
891 0.69932025671
892 0.691735863686
893 0.692981541157
894 0.693276286125
895 0.692968964577
896 0.692101597786
897 0.69404566288
898 0.692058801651
899 0.68533796072
900 0.69189709425
901 0.690428614616
902 0.695510864258
903 0.6978764534
904 0.708041071892
905 0.695937275887
906 0.699022889137
907 0.694992363453
908 0.699663043022
909 0.694878280163
910 0.692156791687
911 0.693598568439
912 0.692798435688
913 0.692951381207
914 0.69114035368
915 0.691045820713
916 0.697422504425
917 0.701799333096
918 0.689666330814
919 0.691882073879
920 0.704072356224
921 0.699516177177
922 0.686922907829
923 0.695100605488
924 0.697691261768
925 0.693909049034
926 0.693267345428
927 0.693186879158
928 0.693354964256
929 0.692826628685
930 0.694858193398
931 0.682970821857
932 0.694674193859
933 0.706272721291
934 0.708018839359
935 0.693346500397
936 0.693134009838
937 0.701570212841
938 0.695120692253
939 0.692867875099
940 0.692918419838
941 0.692666172981
942 0.69483435154
943 0.693406224251
944 0.687144339085
945 0.696783185005
946 0.697506546974
947 0.696592271328
948 0.693029284477
949 0.700956881046
950 0.688088059425
951 0.692905724049
952 0.695310235023
953 0.694237351418
954 0.691725075245
955 0.695610165596
956 0.694022476673
957 0.692992508411
958 0.693026721478
959 0.692403078079
960 0.691508829594
961 0.689487814903
962 0.693866550922
963 0.704909384251
964 0.695489108562
965 0.687229037285
966 0.693090617657
967 0.689436972141
968 0.688044071198
969 0.690512597561
970 0.684505343437
971 0.683736681938
972 0.688427984715
973 0.700952410698
974 0.683757007122
975 0.6881249547
976 0.69812643528
977 0.693231940269
978 0.688132762909
979 0.695813775063
980 0.713260948658
981 0.695046544075
982 0.696487188339
983 0.686771452427
984 0.701327204704
985 0.698165297508
986 0.696486234665
987 0.695322990417
988 0.693043708801
989 0.694459319115
990 0.692817926407
991 0.685712456703
992 0.688438594341
993 0.693464577198
994 0.693976521492
995 0.698695361614
996 0.688181698322
997 0.702385246754
998 0.721734106541
999 0.690360426903
1000 0.69231402874
1001 0.683215975761
1002 0.697004497051
1003 0.694937050343
1004 0.686615288258
1005 0.694313526154
1006 0.6951597929
1007 0.694768130779
1008 0.686882138252
1009 0.69567322731
1010 0.698923587799
1011 0.695679068565
1012 0.693047046661
1013 0.689389944077
1014 0.690060436726
1015 0.690475523472
1016 0.698010027409
1017 0.685892403126
1018 0.70117777586
1019 0.722105681896
1020 0.705031692982
1021 0.693508207798
1022 0.718383491039
1023 0.723036885262
1024 0.703194499016
1025 0.692896366119
1026 0.695084452629
1027 0.693176746368
1028 0.695249199867
1029 0.690626978874
1030 0.705294013023
1031 0.695969939232
1032 0.692369818687
1033 0.703290700912
1034 0.690370738506
1035 0.703226089478
1036 0.710541605949
1037 0.69906193018
1038 0.704654216766
1039 0.690955638885
1040 0.69106990099
1041 0.692021727562
1042 0.692681610584
1043 0.693087399006
1044 0.693320333958
1045 0.693191468716
1046 0.696359992027
1047 0.693552017212
1048 0.693459630013
1049 0.692978203297
1050 0.692939043045
1051 0.693140923977
1052 0.692702233791
1053 0.69330817461
1054 0.692918121815
1055 0.693574965
1056 0.693247675896
1057 0.692417621613
1058 0.690359711647
1059 0.69030725956
1060 0.696915149689
1061 0.68839263916
1062 0.691895723343
1063 0.697829544544
1064 0.694336593151
1065 0.704250633717
1066 0.692978739738
1067 0.691983938217
1068 0.688067018986
1069 0.696714043617
1070 0.693481266499
1071 0.696148991585
1072 0.694307923317
1073 0.693994998932
1074 0.69380646944
1075 0.693738937378
1076 0.690883159637
1077 0.698050677776
1078 0.690032243729
1079 0.69515401125
1080 0.694196045399
1081 0.697805345058
1082 0.702055096626
1083 0.691943943501
1084 0.696699619293
1085 0.692287862301
1086 0.690095543861
1087 0.693522036076
1088 0.69291639328
1089 0.693819284439
1090 0.693147301674
1091 0.693227112293
1092 0.692783534527
1093 0.692686915398
1094 0.694150805473
1095 0.693404555321
1096 0.688893258572
1097 0.689473986626
1098 0.694036662579
1099 0.700575649738
1100 0.697033703327
1101 0.685579180717
1102 0.689252257347
1103 0.686318516731
1104 0.7057736516
1105 0.678390204906
1106 0.693591594696
1107 0.702165722847
1108 0.696958124638
1109 0.699682354927
1110 0.690516114235
1111 0.695559442043
1112 0.696107268333
1113 0.689549386501
1114 0.686639785767
1115 0.694940209389
1116 0.692822337151
1117 0.697954177856
1118 0.693816781044
1119 0.69226193428
1120 0.693738102913
1121 0.69308412075
1122 0.693305015564
1123 0.692989945412
1124 0.692439198494
1125 0.691799044609
1126 0.68917620182
1127 0.695949137211
1128 0.690061807632
1129 0.686220049858
1130 0.698850512505
1131 0.69655674696
1132 0.687155127525
1133 0.698900878429
1134 0.69901150465
1135 0.695360600948
1136 0.68725001812
1137 0.69041454792
1138 0.693440675735
1139 0.693354189396
1140 0.700096666813
1141 0.693109214306
1142 0.695051193237
1143 0.697152674198
1144 0.697009921074
1145 0.693695902824
1146 0.692597270012
1147 0.695811331272
1148 0.688204467297
1149 0.688562572002
1150 0.686054825783
1151 0.699577450752
1152 0.698810577393
1153 0.708616375923
1154 0.688160777092
1155 0.692745566368
1156 0.6973066926
1157 0.692607700825
1158 0.694597542286
1159 0.706338047981
1160 0.699125289917
1161 0.690434098244
1162 0.689435601234
1163 0.696016013622
1164 0.695213019848
1165 0.694406807423
1166 0.694174051285
1167 0.693049550056
1168 0.691718876362
1169 0.694250226021
1170 0.690964579582
1171 0.691872894764
1172 0.696276068687
1173 0.688745498657
1174 0.681421041489
1175 0.690334141254
1176 0.685976862907
1177 0.707482814789
1178 0.700506865978
1179 0.697941362858
1180 0.692870676517
1181 0.708565711975
1182 0.688298881054
1183 0.705013751984
1184 0.693468391895
1185 0.698070883751
1186 0.696442067623
1187 0.694877266884
1188 0.693139672279
1189 0.693468928337
1190 0.691717147827
1191 0.691143989563
1192 0.696551680565
1193 0.679489016533
1194 0.705687046051
1195 0.697765171528
1196 0.690322995186
1197 0.694355607033
1198 0.700548648834
1199 0.692311704159
1200 0.68073874712
1201 0.698047876358
1202 0.692207932472
1203 0.69940251112
1204 0.692022025585
1205 0.690400123596
1206 0.703451633453
1207 0.697949767113
1208 0.692904770374
1209 0.692847430706
1210 0.691538631916
1211 0.692066669464
1212 0.693526148796
1213 0.692875504494
1214 0.692958056927
1215 0.69312030077
1216 0.692917466164
1217 0.6941395998
1218 0.692303180695
1219 0.692712306976
1220 0.692899048328
1221 0.692496478558
1222 0.694699406624
1223 0.696772098541
1224 0.694025874138
1225 0.693689882755
1226 0.693442165852
1227 0.693319261074
1228 0.692935109138
1229 0.692878425121
1230 0.693301200867
1231 0.692208528519
1232 0.694920837879
1233 0.692817687988
1234 0.692039012909
1235 0.689511179924
1236 0.688216567039
1237 0.697385013103
1238 0.695386052132
1239 0.695438921452
1240 0.698862373829
1241 0.687738120556
1242 0.695934176445
1243 0.692859530449
1244 0.697806119919
1245 0.693475186825
1246 0.692857265472
1247 0.692575335503
1248 0.693992614746
1249 0.693333745003
1250 0.694000422955
1251 0.692876815796
1252 0.687667369843
1253 0.699290633202
1254 0.684463918209
1255 0.68593865633
1256 0.705351352692
1257 0.703338325024
1258 0.711429774761
1259 0.706118941307
1260 0.687548995018
1261 0.69030636549
1262 0.697563290596
1263 0.693265676498
1264 0.69332331419
1265 0.693364143372
1266 0.692429363728
1267 0.69547855854
1268 0.692312717438
1269 0.694688439369
1270 0.690842926502
1271 0.697250127792
1272 0.687076091766
1273 0.691221117973
1274 0.701308608055
1275 0.692863464355
1276 0.686898112297
1277 0.702012181282
1278 0.692043125629
1279 0.692818760872
1280 0.692820370197
1281 0.692227363586
1282 0.68696898222
1283 0.688811898232
1284 0.693752169609
1285 0.698133468628
1286 0.698486089706
1287 0.69083917141
1288 0.691901922226
1289 0.694018661976
1290 0.697030901909
1291 0.696588397026
1292 0.695143401623
1293 0.694561839104
1294 0.68923407793
1295 0.694513142109
1296 0.693619668484
1297 0.692431986332
1298 0.692683458328
1299 0.693792998791
1300 0.693449139595
1301 0.693602919579
1302 0.693203866482
1303 0.694994568825
1304 0.692971050739
1305 0.69249266386
1306 0.694934904575
1307 0.693128705025
1308 0.693466663361
1309 0.693173706532
1310 0.692997395992
1311 0.692919015884
1312 0.693570494652
1313 0.692429900169
1314 0.692335963249
1315 0.693965315819
1316 0.691562950611
1317 0.698468863964
1318 0.69476300478
1319 0.690063655376
1320 0.694429516792
1321 0.691838443279
1322 0.690433442593
1323 0.691719055176
1324 0.696044325829
1325 0.696067333221
1326 0.691652953625
1327 0.698331475258
1328 0.694355010986
1329 0.692680954933
1330 0.693118274212
1331 0.692921578884
1332 0.693706095219
1333 0.694113731384
1334 0.692717850208
1335 0.692271590233
1336 0.694046676159
1337 0.690606296062
1338 0.694952309132
1339 0.689104616642
1340 0.699819266796
1341 0.697134017944
1342 0.693815290928
1343 0.695025503635
1344 0.693291127682
1345 0.692780911922
1346 0.694918453693
1347 0.69386947155
1348 0.695410072803
1349 0.693514227867
1350 0.691352069378
1351 0.696029722691
1352 0.692838191986
1353 0.684341907501
1354 0.696554541588
1355 0.688974559307
1356 0.697382807732
1357 0.698642075062
1358 0.694055914879
1359 0.69585609436
1360 0.691127002239
1361 0.693573832512
1362 0.694796681404
1363 0.694400668144
1364 0.69213694334
1365 0.691945433617
1366 0.693805277348
1367 0.693010032177
1368 0.693448543549
1369 0.693299889565
1370 0.692884266376
1371 0.692483901978
1372 0.690836131573
1373 0.692835867405
1374 0.691345691681
1375 0.690022110939
1376 0.706147313118
1377 0.700409412384
1378 0.693003177643
1379 0.692970395088
1380 0.693877160549
1381 0.69545507431
1382 0.694260895252
1383 0.690553545952
1384 0.690898060799
1385 0.690003573895
1386 0.696165382862
1387 0.694993495941
1388 0.694261074066
1389 0.693243801594
1390 0.691580891609
1391 0.69395762682
1392 0.693572223186
1393 0.693357169628
1394 0.693140089512
1395 0.692619919777
1396 0.693735718727
1397 0.690576374531
1398 0.695124983788
1399 0.697668433189
1400 0.696285068989
1401 0.691567778587
1402 0.694530844688
1403 0.69330227375
1404 0.693655490875
1405 0.695037186146
1406 0.692675232887
1407 0.693145155907
1408 0.693148076534
1409 0.693414986134
1410 0.696424543858
1411 0.691513895988
1412 0.693174183369
1413 0.695949435234
1414 0.692721009254
1415 0.692886590958
1416 0.693252265453
1417 0.693154931068
1418 0.693394303322
1419 0.693038642406
1420 0.693435251713
1421 0.693034052849
1422 0.692988395691
1423 0.693404853344
1424 0.69328212738
1425 0.692646801472
1426 0.693752646446
1427 0.693707168102
1428 0.693392753601
1429 0.693119049072
1430 0.693132698536
1431 0.692602813244
1432 0.693169176579
1433 0.692506670952
1434 0.694308519363
1435 0.696142554283
1436 0.687516093254
1437 0.690838456154
1438 0.693669319153
1439 0.688133120537
1440 0.688477873802
1441 0.701296925545
1442 0.696181893349
1443 0.690464138985
1444 0.688936531544
1445 0.699619114399
1446 0.70693564415
1447 0.701090931892
1448 0.688801288605
1449 0.702109992504
1450 0.695256114006
1451 0.693237781525
1452 0.694202840328
1453 0.690747082233
1454 0.690378546715
1455 0.688494503498
1456 0.683191537857
1457 0.690324425697
1458 0.707781434059
1459 0.716430366039
1460 0.692841231823
1461 0.704257309437
1462 0.705528795719
1463 0.696067035198
1464 0.703740775585
1465 0.694538593292
1466 0.691948890686
1467 0.694859206676
1468 0.696158885956
1469 0.692812740803
1470 0.694371402264
1471 0.701039671898
1472 0.689668953419
1473 0.698540687561
1474 0.699171900749
1475 0.694884896278
1476 0.686055243015
1477 0.688890337944
1478 0.685619235039
1479 0.697103440762
1480 0.69208329916
1481 0.697371184826
1482 0.695501625538
1483 0.703659415245
1484 0.699334561825
1485 0.691882371902
1486 0.693986952305
1487 0.696946978569
1488 0.696098685265
1489 0.692734241486
1490 0.692903161049
1491 0.692506194115
1492 0.698673069477
1493 0.690478920937
1494 0.684429347515
1495 0.694304049015
1496 0.691895365715
1497 0.698413252831
1498 0.698875129223
1499 0.686860382557
1500 0.688528239727
1501 0.701403260231
1502 0.695773899555
1503 0.681571245193
1504 0.704404294491
1505 0.68534630537
1506 0.696834623814
1507 0.702615618706
1508 0.701238393784
1509 0.690838932991
1510 0.68785494566
1511 0.69281899929
1512 0.691605687141
1513 0.690177261829
1514 0.696589589119
1515 0.695528805256
1516 0.692335724831
1517 0.692966401577
1518 0.693539500237
1519 0.693271160126
1520 0.693499922752
1521 0.693165183067
1522 0.693203926086
1523 0.692892432213
1524 0.691719770432
1525 0.695638000965
1526 0.694232642651
1527 0.694091439247
1528 0.69185334444
1529 0.690643906593
1530 0.690765798092
1531 0.695072650909
1532 0.696748375893
1533 0.690861225128
1534 0.697585225105
1535 0.694631457329
1536 0.692824482918
1537 0.692472577095
1538 0.692578434944
1539 0.693799078465
1540 0.693910896778
1541 0.692162394524
1542 0.692993879318
1543 0.692669272423
1544 0.69141215086
1545 0.694014668465
1546 0.694795906544
1547 0.694964230061
1548 0.69179391861
1549 0.692806124687
1550 0.69283169508
1551 0.688779234886
1552 0.694896101952
1553 0.692063689232
1554 0.693638801575
1555 0.686831772327
1556 0.691917538643
1557 0.68291914463
1558 0.702674806118
1559 0.690437436104
1560 0.69652736187
1561 0.690361917019
1562 0.703187644482
1563 0.702617049217
1564 0.68650662899
1565 0.688132047653
1566 0.690668523312
1567 0.693046748638
1568 0.696411788464
1569 0.691905140877
1570 0.684245407581
1571 0.688855290413
1572 0.701906085014
1573 0.696193277836
1574 0.700805544853
1575 0.690466284752
1576 0.692801773548
1577 0.691811382771
1578 0.695385456085
1579 0.693966507912
1580 0.693493127823
1581 0.692095696926
1582 0.694277644157
1583 0.691388964653
1584 0.690991282463
1585 0.689502000809
1586 0.687609791756
1587 0.703811585903
1588 0.70114839077
1589 0.69761288166
1590 0.693923652172
1591 0.693783462048
1592 0.696972966194
1593 0.690383076668
1594 0.693342328072
1595 0.683963000774
1596 0.695790588856
1597 0.695615172386
1598 0.691890537739
1599 0.697234451771
1600 0.692888557911
1601 0.698339998722
1602 0.692230701447
1603 0.68946647644
1604 0.692179322243
1605 0.693579375744
1606 0.690916657448
1607 0.69730502367
1608 0.69482922554
1609 0.693815767765
1610 0.69300287962
1611 0.692888915539
1612 0.695276260376
1613 0.698400020599
1614 0.697071731091
1615 0.696302890778
1616 0.691075623035
1617 0.6936019063
1618 0.692687809467
1619 0.692875981331
1620 0.692788004875
1621 0.693755030632
1622 0.693294405937
1623 0.692312121391
1624 0.692322790623
1625 0.694201767445
1626 0.689128756523
1627 0.697359442711
1628 0.690883994102
1629 0.68619453907
1630 0.700493693352
1631 0.691908538342
1632 0.691867411137
1633 0.698820054531
1634 0.696429252625
1635 0.687667667866
1636 0.691896617413
1637 0.686657428741
1638 0.694130957127
1639 0.695394814014
1640 0.691872894764
1641 0.68489998579
1642 0.691887080669
1643 0.702512145042
1644 0.696993470192
1645 0.689520180225
1646 0.695255637169
1647 0.688804149628
1648 0.694904148579
1649 0.692875027657
1650 0.697126984596
1651 0.698557734489
1652 0.692843794823
1653 0.694224715233
1654 0.69311106205
1655 0.693437814713
1656 0.697192788124
1657 0.690431952477
1658 0.695181488991
1659 0.692803621292
1660 0.693518996239
1661 0.695567965508
1662 0.690840125084
1663 0.696782708168
1664 0.695712387562
1665 0.693258285522
1666 0.695602059364
1667 0.692955374718
1668 0.693275928497
1669 0.692085981369
1670 0.691464602947
1671 0.694104671478
1672 0.690405905247
1673 0.696893036366
1674 0.696269333363
1675 0.685075581074
1676 0.686880767345
1677 0.69188606739
1678 0.698186516762
1679 0.695216536522
1680 0.701857089996
1681 0.688801705837
1682 0.696537971497
1683 0.697657287121
1684 0.691900610924
1685 0.704694271088
1686 0.698240876198
1687 0.691694617271
1688 0.693204522133
1689 0.693255782127
1690 0.693845391273
1691 0.69367825985
1692 0.690519988537
1693 0.691274404526
1694 0.701592504978
1695 0.69693338871
1696 0.692909598351
1697 0.695761859417
1698 0.697212040424
1699 0.6964584589
1700 0.693880677223
1701 0.696061909199
1702 0.693112432957
1703 0.689780890942
1704 0.691349387169
1705 0.689628958702
1706 0.69804173708
1707 0.695772826672
1708 0.698505043983
1709 0.692581832409
1710 0.711023628712
1711 0.688173115253
1712 0.701484441757
1713 0.70087826252
1714 0.694208502769
1715 0.69030970335
1716 0.698320269585
1717 0.705767929554
1718 0.691910684109
1719 0.689027190208
1720 0.688857674599
1721 0.68987596035
1722 0.692805767059
1723 0.693315505981
1724 0.689664959908
1725 0.692193210125
1726 0.697050452232
1727 0.690002262592
1728 0.693600773811
1729 0.692030549049
1730 0.694514393806
1731 0.700336813927
1732 0.686454474926
1733 0.697098433971
1734 0.69785797596
1735 0.691477417946
1736 0.695564568043
1737 0.69404232502
1738 0.693638026714
1739 0.694734930992
1740 0.694841265678
1741 0.695082306862
1742 0.689972996712
1743 0.694733321667
1744 0.693472206593
1745 0.692130386829
1746 0.692801773548
1747 0.693515777588
1748 0.697778940201
1749 0.6952252388
1750 0.691895067692
1751 0.693601429462
1752 0.695216298103
1753 0.6932336092
1754 0.694325327873
1755 0.693190634251
1756 0.693709552288
1757 0.696357190609
1758 0.691874802113
1759 0.694732904434
1760 0.693307757378
1761 0.693596065044
1762 0.691340625286
1763 0.693851232529
1764 0.693196117878
1765 0.692626833916
1766 0.692903220654
1767 0.692052125931
1768 0.692190766335
1769 0.692020893097
1770 0.69643509388
1771 0.693313598633
1772 0.693832278252
1773 0.692833065987
1774 0.694153189659
1775 0.691675543785
1776 0.694003164768
1777 0.690855026245
1778 0.690929412842
1779 0.688797593117
1780 0.69063615799
1781 0.693841099739
1782 0.698772549629
1783 0.698056638241
1784 0.694362163544
1785 0.691863179207
1786 0.689410805702
1787 0.690625548363
1788 0.694398462772
1789 0.698201954365
1790 0.684657037258
1791 0.706511676311
1792 0.70368540287
1793 0.691235601902
1794 0.691111564636
1795 0.694454073906
1796 0.693372547626
1797 0.693034529686
1798 0.69273263216
1799 0.693376839161
1800 0.691134274006
1801 0.691772401333
1802 0.695005059242
1803 0.697918713093
1804 0.691113114357
1805 0.700267136097
1806 0.688591003418
1807 0.69197589159
1808 0.690285921097
1809 0.687478899956
1810 0.687879383564
1811 0.703624427319
1812 0.69545429945
1813 0.696516692638
1814 0.692952275276
1815 0.69588047266
1816 0.691992402077
1817 0.691256999969
1818 0.692087054253
1819 0.698057353497
1820 0.693816006184
1821 0.691844582558
1822 0.69413125515
1823 0.692877173424
1824 0.693137168884
1825 0.69346600771
1826 0.693395733833
1827 0.693439126015
1828 0.693179607391
1829 0.692873120308
1830 0.693235576153
1831 0.691877663136
1832 0.694640815258
1833 0.692898929119
1834 0.694089710712
1835 0.694161057472
1836 0.69661462307
1837 0.694020271301
1838 0.693827152252
1839 0.69261777401
1840 0.691310465336
1841 0.689354777336
1842 0.691891551018
1843 0.699803173542
1844 0.6934248209
1845 0.68363314867
1846 0.710873067379
1847 0.697888016701
1848 0.701474487782
1849 0.693819999695
1850 0.698508739471
1851 0.710916399956
1852 0.688529253006
1853 0.691132605076
1854 0.696733474731
1855 0.6939920187
1856 0.693048298359
1857 0.692984580994
1858 0.689926326275
1859 0.694170773029
1860 0.695737421513
1861 0.693008601665
1862 0.700815081596
1863 0.691873192787
1864 0.69735956192
1865 0.694561839104
1866 0.700900197029
1867 0.704567432404
1868 0.686683356762
1869 0.697872757912
1870 0.695770859718
1871 0.693940341473
1872 0.693481504917
1873 0.693583130836
1874 0.692236423492
1875 0.692828059196
1876 0.690130233765
1877 0.685216844082
1878 0.698696494102
1879 0.699519634247
1880 0.682450532913
1881 0.702362656593
1882 0.679783523083
1883 0.694029510021
1884 0.698074281216
1885 0.692260563374
1886 0.70781069994
1887 0.695774257183
1888 0.691978752613
1889 0.702594578266
1890 0.694439589977
1891 0.698246061802
1892 0.701269030571
1893 0.691781044006
1894 0.693076491356
1895 0.694103062153
1896 0.695415198803
1897 0.690711796284
1898 0.692127168179
1899 0.689633071423
1900 0.691916763783
1901 0.695318460464
1902 0.696893334389
1903 0.691863000393
1904 0.69719094038
1905 0.690555870533
1906 0.678749740124
1907 0.696210920811
1908 0.694936454296
1909 0.685793697834
1910 0.695195257664
1911 0.690384507179
1912 0.698757529259
1913 0.693638980389
1914 0.693559229374
1915 0.695012569427
1916 0.694811165333
1917 0.687850773335
1918 0.695672929287
1919 0.691900849342
1920 0.688617527485
1921 0.6876719594
1922 0.687578558922
1923 0.697685241699
1924 0.694198668003
1925 0.699936509132
1926 0.690867424011
1927 0.697715759277
1928 0.692839562893
1929 0.690080463886
1930 0.692191243172
1931 0.695106863976
1932 0.694236397743
1933 0.694317400455
1934 0.693756401539
1935 0.693178474903
1936 0.693118214607
1937 0.692516446114
1938 0.692834973335
1939 0.694152474403
1940 0.692045807838
1941 0.69106054306
1942 0.690877079964
1943 0.687277793884
1944 0.686560153961
1945 0.68586730957
1946 0.69737303257
1947 0.684593498707
1948 0.704988181591
1949 0.696828424931
1950 0.703396260738
1951 0.705031871796
1952 0.696105599403
1953 0.716505110264
1954 0.683556377888
1955 0.69303303957
1956 0.685675501823
1957 0.700723826885
1958 0.693913817406
1959 0.695416033268
1960 0.693041920662
1961 0.693570315838
1962 0.692291676998
1963 0.692030072212
1964 0.692853093147
1965 0.695095419884
1966 0.697273254395
1967 0.686658143997
1968 0.689219772816
1969 0.699898600578
1970 0.695608079433
1971 0.697340369225
1972 0.693648040295
1973 0.694255650043
1974 0.692837536335
1975 0.695885956287
1976 0.692539691925
1977 0.693567156792
1978 0.693052172661
1979 0.692912399769
1980 0.692944943905
1981 0.695972800255
1982 0.693943798542
1983 0.691823601723
1984 0.695077061653
1985 0.693817257881
1986 0.693667113781
1987 0.692559123039
1988 0.69302970171
1989 0.692871570587
1990 0.693020045757
1991 0.691974759102
1992 0.692632377148
1993 0.693248808384
1994 0.693360984325
1995 0.692820370197
1996 0.689815163612
1997 0.69463300705
1998 0.698726296425
1999 0.684179186821
2000 0.683289825916
2001 0.695693850517
2002 0.689084112644
2003 0.691932439804
2004 0.681863605976
2005 0.709144175053
2006 0.69411689043
2007 0.692236602306
2008 0.699890196323
2009 0.70688611269
2010 0.692000508308
2011 0.691935002804
2012 0.710438072681
2013 0.691906094551
2014 0.691400408745
2015 0.694252490997
2016 0.6920337677
2017 0.692727744579
2018 0.693107306957
2019 0.692949593067
2020 0.693526566029
2021 0.695233821869
2022 0.692704558372
2023 0.6924020648
2024 0.694218993187
2025 0.69379222393
2026 0.693525910378
2027 0.692945122719
2028 0.691583275795
2029 0.692320644855
2030 0.693518519402
2031 0.700876951218
2032 0.696653723717
2033 0.690119624138
2034 0.691010296345
2035 0.697730004787
2036 0.691954851151
2037 0.691108822823
2038 0.699079275131
2039 0.694407463074
2040 0.69215798378
2041 0.693392574787
2042 0.690463662148
2043 0.696415781975
2044 0.691895663738
2045 0.691819369793
2046 0.693492591381
2047 0.692655384541
2048 0.692939996719
2049 0.693464100361
2050 0.692902803421
2051 0.693164348602
2052 0.692092835903
2053 0.692284464836
2054 0.693622887135
2055 0.693234443665
2056 0.692812085152
2057 0.692307114601
2058 0.692308068275
2059 0.695113003254
2060 0.691048979759
2061 0.693416416645
2062 0.695965886116
2063 0.695148766041
2064 0.693337142467
2065 0.694051742554
2066 0.694029688835
2067 0.693690478802
2068 0.692753612995
2069 0.692582249641
2070 0.69842004776
2071 0.690829396248
2072 0.696748435497
2073 0.692865371704
2074 0.694596588612
2075 0.692837417126
2076 0.689370393753
2077 0.69380158186
2078 0.692865848541
2079 0.69574368
2080 0.692875266075
2081 0.689320981503
2082 0.693746209145
2083 0.687534570694
2084 0.691931068897
2085 0.693941116333
2086 0.689787983894
2087 0.697493255138
2088 0.682937026024
2089 0.69064360857
2090 0.694493412971
2091 0.690495193005
2092 0.696287274361
2093 0.697828471661
2094 0.684666991234
2095 0.699246644974
2096 0.707585334778
2097 0.70305454731
2098 0.694836497307
2099 0.696174800396
2100 0.693201422691
2101 0.69335514307
2102 0.694475531578
2103 0.692331492901
2104 0.695560157299
2105 0.69448196888
2106 0.695664286613
2107 0.691912770271
2108 0.689930856228
2109 0.696189165115
2110 0.694045126438
2111 0.704859852791
2112 0.686423361301
2113 0.695420444012
2114 0.696690559387
2115 0.692809343338
2116 0.69376718998
2117 0.694557785988
2118 0.694412052631
2119 0.693971574306
2120 0.693516075611
2121 0.696055531502
2122 0.692820549011
2123 0.694442451
2124 0.692834913731
2125 0.690056920052
2126 0.698927879333
2127 0.689532637596
2128 0.689439892769
2129 0.69480741024
2130 0.69701063633
2131 0.690807044506
2132 0.696166336536
2133 0.687923014164
2134 0.692800402641
2135 0.694208920002
2136 0.690660655499
2137 0.690541982651
2138 0.693643689156
2139 0.694604098797
2140 0.695579230785
2141 0.697222113609
2142 0.693585336208
2143 0.692144274712
2144 0.693985641003
2145 0.698335647583
2146 0.694280147552
2147 0.693278849125
2148 0.694925904274
2149 0.69429320097
2150 0.694734692574
2151 0.697994410992
2152 0.696523070335
2153 0.69882786274
2154 0.693307876587
2155 0.691905021667
2156 0.692507266998
2157 0.693126320839
2158 0.693275272846
2159 0.69304484129
2160 0.693100571632
2161 0.692967057228
2162 0.692371249199
2163 0.69318073988
2164 0.691398382187
2165 0.68880879879
2166 0.687462985516
2167 0.700155615807
2168 0.695964157581
2169 0.688971042633
2170 0.691957116127
2171 0.673477470875
2172 0.690300941467
2173 0.700920641422
2174 0.703701138496
2175 0.683696091175
2176 0.681290447712
2177 0.718876183033
2178 0.697299838066
2179 0.692511081696
2180 0.704497694969
2181 0.688471674919
2182 0.700279831886
2183 0.700478851795
2184 0.697583079338
2185 0.695326685905
2186 0.696391880512
2187 0.693248450756
2188 0.694502651691
2189 0.690511226654
2190 0.69947052002
2191 0.698121726513
2192 0.696519970894
2193 0.691032111645
2194 0.693782687187
2195 0.68838763237
2196 0.690992832184
2197 0.689934015274
2198 0.691900014877
2199 0.703454077244
2200 0.695177733898
2201 0.697059512138
2202 0.694638371468
2203 0.695047259331
2204 0.691645741463
2205 0.691478610039
2206 0.692103564739
2207 0.693218827248
2208 0.692596614361
2209 0.693716883659
2210 0.692934393883
2211 0.692562580109
2212 0.69350785017
2213 0.694452106953
2214 0.693225741386
2215 0.693127810955
2216 0.693425297737
2217 0.694608509541
2218 0.69282501936
2219 0.69534432888
2220 0.691680490971
2221 0.696395754814
2222 0.691674113274
2223 0.693678975105
2224 0.693762123585
2225 0.693447709084
2226 0.693065166473
2227 0.693809866905
2228 0.691590368748
2229 0.692419111729
2230 0.699050724506
2231 0.694528758526
2232 0.694421827793
2233 0.698028206825
2234 0.693999886513
2235 0.692974865437
2236 0.693214774132
2237 0.693383336067
2238 0.695271730423
2239 0.691768884659
2240 0.694930016994
2241 0.690348625183
2242 0.690401792526
2243 0.69218146801
2244 0.697276294231
2245 0.697535157204
2246 0.695061862469
2247 0.69480484724
2248 0.693878293037
2249 0.692399680614
2250 0.689668178558
2251 0.695195555687
2252 0.693591237068
2253 0.692602753639
2254 0.69345253706
2255 0.692269682884
2256 0.69292140007
2257 0.694099068642
2258 0.692380785942
2259 0.691733777523
2260 0.695201456547
2261 0.69483423233
2262 0.693519234657
2263 0.693760514259
2264 0.694031774998
2265 0.695119261742
2266 0.692842125893
2267 0.692989230156
2268 0.693094730377
2269 0.693112075329
2270 0.69350874424
2271 0.69291305542
2272 0.693936526775
2273 0.694603443146
2274 0.694141805172
2275 0.694331765175
2276 0.692489981651
2277 0.69367390871
2278 0.692639410496
2279 0.693478703499
2280 0.693176150322
2281 0.693036198616
2282 0.692516505718
2283 0.694766461849
2284 0.695408642292
2285 0.69135504961
2286 0.693182170391
2287 0.69154882431
2288 0.69365721941
2289 0.691866278648
2290 0.693907141685
2291 0.693972885609
2292 0.686771333218
2293 0.701705634594
2294 0.694947361946
2295 0.692792236805
2296 0.690451622009
2297 0.695181965828
2298 0.694435715675
2299 0.692304849625
2300 0.694065749645
2301 0.696119904518
2302 0.692838191986
2303 0.693148672581
2304 0.692360699177
2305 0.694386303425
2306 0.693198561668
2307 0.695194065571
2308 0.696732521057
2309 0.697340190411
2310 0.692744076252
2311 0.693085312843
2312 0.692545235157
2313 0.692890763283
2314 0.693741440773
2315 0.693412780762
2316 0.69858288765
2317 0.697897136211
2318 0.697982490063
2319 0.690901100636
2320 0.693948805332
2321 0.691221773624
2322 0.691397488117
2323 0.692595124245
2324 0.693609595299
2325 0.691523373127
2326 0.695456802845
2327 0.693932175636
2328 0.695041358471
2329 0.692794203758
2330 0.691897153854
2331 0.692385554314
2332 0.692371487617
2333 0.696189403534
2334 0.692858994007
2335 0.692500770092
2336 0.693533778191
2337 0.694914877415
2338 0.692964076996
2339 0.693247437477
2340 0.69332242012
2341 0.693201243877
2342 0.692583084106
2343 0.69399702549
2344 0.69132989645
2345 0.695561587811
2346 0.694903731346
2347 0.693132281303
2348 0.691797614098
2349 0.692939460278
2350 0.692405164242
2351 0.693190395832
2352 0.696233868599
2353 0.693685412407
2354 0.693446159363
2355 0.693079769611
2356 0.693178355694
2357 0.694087505341
2358 0.693129658699
2359 0.693751037121
2360 0.692123532295
2361 0.695488750935
2362 0.693136870861
2363 0.693243324757
2364 0.693585932255
2365 0.693966567516
2366 0.693503260612
2367 0.693212509155
2368 0.693124353886
2369 0.693146824837
2370 0.693566381931
2371 0.69186937809
2372 0.695392012596
2373 0.69336783886
2374 0.693122506142
2375 0.693589985371
2376 0.69308412075
2377 0.692960560322
2378 0.693546831608
2379 0.694688260555
2380 0.692550182343
2381 0.692974448204
2382 0.693801999092
2383 0.693330407143
2384 0.693788826466
2385 0.693119227886
2386 0.693099617958
2387 0.692691802979
2388 0.692644715309
2389 0.695092976093
2390 0.693273186684
2391 0.696570575237
2392 0.687392055988
2393 0.692250072956
2394 0.697975695133
2395 0.6882340312
2396 0.702407419682
2397 0.68817961216
2398 0.690104722977
2399 0.694281935692
2400 0.694348752499
2401 0.695097744465
2402 0.695661067963
2403 0.694061279297
2404 0.69803494215
2405 0.693851590157
2406 0.693543672562
2407 0.693098843098
2408 0.693989396095
2409 0.690477192402
2410 0.695215582848
2411 0.690991401672
2412 0.684244334698
2413 0.699735760689
2414 0.691932499409
2415 0.691933214664
2416 0.710105597973
2417 0.690376639366
2418 0.690363645554
2419 0.701042354107
2420 0.70170545578
2421 0.685739457607
2422 0.706342339516
2423 0.692834973335
2424 0.69277793169
2425 0.694971442223
2426 0.69312530756
2427 0.693273425102
2428 0.69276034832
2429 0.691744923592
2430 0.693904221058
2431 0.693473696709
2432 0.697753250599
2433 0.689390599728
2434 0.692885994911
2435 0.694854199886
2436 0.703061759472
2437 0.68924921751
2438 0.687768280506
2439 0.692813575268
2440 0.693726539612
2441 0.694606184959
2442 0.690309762955
2443 0.695396065712
2444 0.695226967335
2445 0.695006668568
2446 0.697158098221
2447 0.691060185432
2448 0.693163394928
2449 0.69218814373
2450 0.692798495293
2451 0.693131089211
2452 0.692749857903
2453 0.692578136921
2454 0.693529129028
2455 0.692922472954
2456 0.695580124855
2457 0.69326120615
2458 0.693092226982
2459 0.692767381668
2460 0.693340182304
2461 0.693927109241
2462 0.694618582726
2463 0.695256590843
2464 0.693756699562
2465 0.692007243633
2466 0.693241894245
2467 0.695189297199
2468 0.691912055016
2469 0.693176984787
2470 0.692920565605
2471 0.692266881466
2472 0.691683650017
2473 0.694238364697
2474 0.692458510399
2475 0.692374825478
2476 0.690927624702
2477 0.69513374567
2478 0.691499710083
2479 0.691430926323
2480 0.695174336433
2481 0.695248782635
2482 0.694504141808
2483 0.692811906338
2484 0.699497461319
2485 0.693421065807
2486 0.693280220032
2487 0.693839967251
2488 0.693177998066
2489 0.693021714687
2490 0.692536354065
2491 0.693168640137
2492 0.694539666176
2493 0.692817091942
2494 0.693457365036
2495 0.691394686699
2496 0.699353635311
2497 0.689618527889
2498 0.69197332859
2499 0.696312248707
2500 0.689424157143
2501 0.691094279289
2502 0.699271500111
2503 0.685049057007
2504 0.691023468971
2505 0.69977247715
2506 0.690006911755
2507 0.693846583366
2508 0.693811237812
2509 0.694686889648
2510 0.701458096504
2511 0.693470060825
2512 0.691267848015
2513 0.688876867294
2514 0.692032039165
2515 0.694647192955
2516 0.691884100437
2517 0.693234443665
2518 0.69376128912
2519 0.692354500294
2520 0.693805515766
2521 0.693312287331
2522 0.690582275391
2523 0.693773031235
2524 0.692346572876
2525 0.694943845272
2526 0.68868035078
2527 0.692174732685
2528 0.695521950722
2529 0.685771167278
2530 0.692813634872
2531 0.699653565884
2532 0.695850551128
2533 0.693851590157
2534 0.69747698307
2535 0.692823290825
2536 0.694291591644
2537 0.692144036293
2538 0.689561724663
2539 0.690709710121
2540 0.694498479366
2541 0.691644072533
2542 0.694599211216
2543 0.696368813515
2544 0.692302405834
2545 0.693280100822
2546 0.692421734333
2547 0.694292545319
2548 0.693204641342
2549 0.692694664001
2550 0.692967236042
2551 0.692981421947
2552 0.693319141865
2553 0.693132460117
2554 0.693080246449
2555 0.693127989769
2556 0.693341195583
2557 0.693355977535
2558 0.693204760551
2559 0.693005084991
2560 0.692926704884
2561 0.692992687225
2562 0.69352710247
2563 0.693438649178
2564 0.693163692951
2565 0.695233523846
2566 0.693443000317
2567 0.692631244659
2568 0.693165540695
2569 0.693365573883
2570 0.693091869354
2571 0.692374110222
2572 0.693151116371
2573 0.695651233196
2574 0.691924452782
2575 0.688209354877
2576 0.692763149738
2577 0.691172301769
2578 0.690877079964
2579 0.699895262718
2580 0.683450698853
2581 0.699925541878
2582 0.698888659477
2583 0.691864788532
2584 0.683701634407
2585 0.70325922966
2586 0.693230271339
2587 0.697127580643
2588 0.691875040531
2589 0.690697729588
2590 0.705582737923
2591 0.695329785347
2592 0.689735472202
2593 0.691413760185
2594 0.690661966801
2595 0.691054522991
2596 0.687420248985
2597 0.694672942162
2598 0.694346785545
2599 0.690163493156
2600 0.703115880489
2601 0.697963356972
2602 0.703172802925
2603 0.694960415363
2604 0.691271901131
2605 0.693941831589
2606 0.693170845509
2607 0.693118095398
2608 0.694728434086
2609 0.693175971508
2610 0.692559480667
2611 0.690341114998
2612 0.69230902195
2613 0.69276034832
2614 0.694396138191
2615 0.698085010052
2616 0.696361422539
2617 0.689496815205
2618 0.696999549866
2619 0.699015259743
2620 0.694035172462
2621 0.693732738495
2622 0.693433821201
2623 0.693419575691
2624 0.692927241325
2625 0.694231152534
2626 0.694386363029
2627 0.692351043224
2628 0.694439351559
2629 0.694582283497
2630 0.692174255848
2631 0.692173779011
2632 0.694671452045
2633 0.688536763191
2634 0.693494319916
2635 0.689181208611
2636 0.692872047424
2637 0.69284850359
2638 0.692889332771
2639 0.696154296398
2640 0.695089221001
2641 0.696049571037
2642 0.700753629208
2643 0.68874835968
2644 0.695750772953
2645 0.693380177021
2646 0.696150302887
2647 0.693466126919
2648 0.693122267723
2649 0.692987084389
2650 0.691585123539
2651 0.697682201862
2652 0.691657066345
2653 0.69343984127
2654 0.69359266758
2655 0.699348926544
2656 0.690460920334
2657 0.688175320625
2658 0.693672001362
2659 0.693741440773
2660 0.700792551041
2661 0.692030727863
2662 0.694935917854
2663 0.697086334229
2664 0.694957852364
2665 0.692884922028
2666 0.692885160446
2667 0.693237602711
2668 0.692609488964
2669 0.69357407093
2670 0.694272875786
2671 0.694256186485
2672 0.693575799465
2673 0.694254040718
2674 0.693201184273
2675 0.692397296429
2676 0.694868564606
2677 0.68829280138
2678 0.694392323494
2679 0.697762131691
2680 0.70569807291
2681 0.703922569752
2682 0.694463253021
2683 0.692753493786
2684 0.692820966244
2685 0.694580793381
2686 0.693305373192
2687 0.693408370018
2688 0.695106625557
2689 0.695642113686
2690 0.693999767303
2691 0.689938545227
2692 0.690234601498
2693 0.693865478039
2694 0.694090545177
2695 0.694245815277
2696 0.693567931652
2697 0.686650276184
2698 0.696336269379
2699 0.686452031136
2700 0.699138522148
2701 0.699264526367
2702 0.695899963379
2703 0.691936016083
2704 0.696160614491
2705 0.696387648582
2706 0.691723406315
2707 0.694480061531
2708 0.691296756268
2709 0.691298365593
2710 0.693388283253
2711 0.690712034702
2712 0.695196926594
2713 0.694113492966
2714 0.695872962475
2715 0.693195641041
2716 0.690513670444
2717 0.692177176476
2718 0.694406151772
2719 0.696904242039
2720 0.693182229996
2721 0.693347811699
2722 0.693005859852
2723 0.693134129047
2724 0.693458199501
2725 0.693554878235
2726 0.692722320557
2727 0.693097472191
2728 0.692531585693
2729 0.693137466908
2730 0.693990647793
2731 0.694050192833
2732 0.692888796329
2733 0.693913638592
2734 0.694676101208
2735 0.693360626698
2736 0.693308293819
2737 0.691553413868
2738 0.691730380058
2739 0.68477421999
2740 0.69608771801
2741 0.688015460968
2742 0.691949903965
2743 0.69729578495
2744 0.694064617157
2745 0.690294623375
2746 0.705174803734
2747 0.69457501173
2748 0.692435920238
2749 0.696460664272
2750 0.698207378387
2751 0.697801589966
2752 0.698908209801
2753 0.690371394157
2754 0.698732078075
2755 0.686009585857
2756 0.70230615139
2757 0.694428563118
2758 0.693386077881
2759 0.693568587303
2760 0.692844629288
2761 0.693045258522
2762 0.692508816719
2763 0.696655809879
2764 0.690739929676
2765 0.69666993618
2766 0.696948707104
2767 0.68746137619
2768 0.694244146347
2769 0.693550407887
2770 0.689710080624
2771 0.69534766674
2772 0.694559037685
2773 0.698706507683
2774 0.692054331303
2775 0.694103121758
2776 0.692782044411
2777 0.691346526146
2778 0.695940494537
2779 0.69082736969
2780 0.691313922405
2781 0.692880392075
2782 0.6928358078
2783 0.694105625153
2784 0.691099047661
2785 0.693801760674
2786 0.693805932999
2787 0.694361031055
2788 0.694293498993
2789 0.69367313385
2790 0.694661855698
2791 0.692407608032
2792 0.693475246429
2793 0.69335436821
2794 0.693155050278
2795 0.693483233452
2796 0.694028735161
2797 0.693325936794
2798 0.692265331745
2799 0.69312441349
2800 0.692951798439
2801 0.695388913155
2802 0.694313943386
2803 0.693204879761
2804 0.693847835064
2805 0.692877948284
2806 0.694269776344
2807 0.692813098431
2808 0.693289875984
2809 0.692775785923
2810 0.691204845905
2811 0.691099524498
2812 0.69146412611
2813 0.699137508869
2814 0.690422415733
2815 0.692840576172
2816 0.693711400032
2817 0.698796451092
2818 0.693561077118
2819 0.68718880415
2820 0.696318984032
2821 0.691486179829
2822 0.690239369869
2823 0.694112598896
2824 0.695450365543
2825 0.69280564785
2826 0.69159591198
2827 0.694525241852
2828 0.691713690758
2829 0.692789435387
2830 0.692274928093
2831 0.696783602238
2832 0.693695902824
2833 0.691285073757
2834 0.696082055569
2835 0.693414211273
2836 0.693072915077
2837 0.692250490189
2838 0.694024384022
2839 0.694078445435
2840 0.690339922905
2841 0.692137420177
2842 0.698151230812
2843 0.688008904457
2844 0.692844510078
2845 0.693881213665
2846 0.697026908398
2847 0.700143754482
2848 0.693839371204
2849 0.691153883934
2850 0.687349975109
2851 0.692769169807
2852 0.690392196178
2853 0.693672776222
2854 0.697963297367
2855 0.689581394196
2856 0.69195830822
2857 0.694390773773
2858 0.685724377632
2859 0.691918253899
2860 0.692909240723
2861 0.692909002304
2862 0.698196768761
2863 0.691848278046
2864 0.690874695778
2865 0.698031008244
2866 0.700620949268
2867 0.686290681362
2868 0.698888421059
2869 0.695947289467
2870 0.694130480289
2871 0.691912055016
2872 0.693032085896
2873 0.693134188652
2874 0.693093597889
2875 0.694074273109
2876 0.694200158119
2877 0.69295912981
2878 0.692778110504
2879 0.693430006504
2880 0.693122982979
2881 0.694021821022
2882 0.693129658699
2883 0.693398237228
2884 0.692860722542
2885 0.692457735538
2886 0.692437589169
2887 0.692121982574
2888 0.695682883263
2889 0.693343818188
2890 0.694524884224
2891 0.694537043571
2892 0.693282485008
2893 0.694330394268
2894 0.693691074848
2895 0.693954408169
2896 0.693966209888
2897 0.693385779858
2898 0.693068683147
2899 0.692189395428
2900 0.693987250328
2901 0.693311214447
2902 0.692148089409
2903 0.690362930298
2904 0.693781018257
2905 0.697219252586
2906 0.694108188152
2907 0.694136917591
2908 0.702186405659
2909 0.699288725853
2910 0.695515275002
2911 0.694896817207
2912 0.690312087536
2913 0.693924486637
2914 0.691524505615
2915 0.692251801491
2916 0.692410111427
2917 0.692925095558
2918 0.692859768867
2919 0.692816853523
2920 0.694378018379
2921 0.691641032696
2922 0.69453895092
2923 0.692812085152
2924 0.695015013218
2925 0.693598389626
2926 0.69380491972
2927 0.694997668266
2928 0.693096220493
2929 0.693179190159
2930 0.695014834404
2931 0.691573739052
2932 0.694192528725
2933 0.693225443363
2934 0.69363117218
2935 0.692431092262
2936 0.692826926708
2937 0.692829966545
2938 0.694152712822
2939 0.694621562958
2940 0.692400097847
2941 0.692850589752
2942 0.69290792942
2943 0.694760143757
2944 0.694836199284
2945 0.692992806435
2946 0.693076610565
2947 0.69251948595
2948 0.695564329624
2949 0.693181812763
2950 0.694259345531
2951 0.691833436489
2952 0.693547964096
2953 0.694645941257
2954 0.693478226662
2955 0.694174170494
2956 0.692946255207
2957 0.693435072899
2958 0.693140625954
2959 0.693604171276
2960 0.692896068096
2961 0.692280709743
2962 0.694364726543
2963 0.694087028503
2964 0.693218111992
2965 0.689102351665
2966 0.692770123482
2967 0.694012761116
2968 0.689445972443
2969 0.695131778717
2970 0.681934595108
2971 0.694973409176
2972 0.682288229465
2973 0.693259596825
2974 0.685512661934
2975 0.706554412842
2976 0.701675653458
2977 0.709386527538
2978 0.683089911938
2979 0.692072033882
2980 0.686904609203
2981 0.698752403259
2982 0.683824658394
2983 0.706338942051
2984 0.69925057888
2985 0.67746514082
2986 0.693115353584
2987 0.693056583405
2988 0.696651875973
2989 0.694066464901
2990 0.687826573849
2991 0.693816065788
2992 0.68917131424
2993 0.694649457932
2994 0.697251915932
2995 0.695968151093
2996 0.697436869144
2997 0.690465390682
2998 0.69247597456
2999 0.695170998573
3000 0.693658530712
3001 0.691563904285
3002 0.693308651447
3003 0.690543174744
3004 0.68978446722
3005 0.70646494627
3006 0.687472999096
3007 0.695132732391
3008 0.680027186871
3009 0.701545894146
3010 0.692174911499
3011 0.692243874073
3012 0.690296530724
3013 0.688233554363
3014 0.707287430763
3015 0.694427788258
3016 0.700165688992
3017 0.703176140785
3018 0.690310359001
3019 0.694852054119
3020 0.68273460865
3021 0.694254040718
3022 0.692967355251
3023 0.700052559376
3024 0.690244317055
3025 0.694267392159
3026 0.69332164526
3027 0.694543480873
3028 0.695167601109
3029 0.692793726921
3030 0.69299942255
3031 0.691588699818
3032 0.693215966225
3033 0.692755401134
3034 0.696718811989
3035 0.692850410938
3036 0.690016925335
3037 0.691930413246
3038 0.700764358044
3039 0.684086978436
3040 0.683629870415
3041 0.689186573029
3042 0.688881576061
3043 0.685392737389
3044 0.697478830814
3045 0.680675387383
3046 0.686114490032
3047 0.701557993889
3048 0.690456271172
3049 0.69768846035
3050 0.685660362244
3051 0.705206334591
3052 0.69529736042
3053 0.697377741337
3054 0.692537128925
3055 0.696537494659
3056 0.698038339615
3057 0.690286934376
3058 0.698406815529
3059 0.69327545166
3060 0.686924219131
3061 0.68846476078
3062 0.696017503738
3063 0.701301157475
3064 0.691332697868
3065 0.695682346821
3066 0.690970778465
3067 0.692620396614
3068 0.693132758141
3069 0.69291228056
3070 0.693188011646
3071 0.693275809288
3072 0.692684233189
3073 0.692776203156
3074 0.693978667259
3075 0.69409006834
3076 0.69013351202
3077 0.692027449608
3078 0.692236721516
3079 0.689514279366
3080 0.69358843565
3081 0.696627914906
3082 0.692864775658
3083 0.698334336281
3084 0.688626587391
3085 0.70058453083
3086 0.693943619728
3087 0.696630060673
3088 0.69448196888
3089 0.692099750042
3090 0.697526872158
3091 0.69117307663
3092 0.6936866045
3093 0.693252921104
3094 0.692938446999
3095 0.693110346794
3096 0.693109810352
3097 0.692748427391
3098 0.693854272366
3099 0.692187428474
3100 0.693582892418
3101 0.693411111832
3102 0.692877829075
3103 0.696011900902
3104 0.693142414093
3105 0.692463994026
3106 0.69215375185
3107 0.695093035698
3108 0.69311851263
3109 0.692824721336
3110 0.693092644215
3111 0.693076431751
3112 0.693098902702
3113 0.693394362926
3114 0.693086326122
3115 0.693721413612
3116 0.693301081657
3117 0.692955195904
3118 0.692465722561
3119 0.692717432976
3120 0.693115115166
3121 0.689175724983
3122 0.691843867302
3123 0.694180071354
3124 0.689574599266
3125 0.687977969646
3126 0.689510643482
3127 0.691867649555
3128 0.696598649025
3129 0.685320258141
3130 0.704930126667
3131 0.692150950432
3132 0.694075405598
3133 0.697951197624
3134 0.690274357796
3135 0.695775926113
3136 0.692056298256
3137 0.700526297092
3138 0.701419055462
3139 0.697466909885
3140 0.695379257202
3141 0.69288289547
3142 0.69508343935
3143 0.690568387508
3144 0.69365978241
3145 0.692653179169
3146 0.694012820721
3147 0.693392634392
3148 0.692858099937
3149 0.695760607719
3150 0.698541343212
3151 0.695190131664
3152 0.692850232124
3153 0.693237602711
3154 0.693209171295
3155 0.69239294529
3156 0.694271564484
3157 0.694446384907
3158 0.694013237953
3159 0.694069504738
3160 0.692984819412
3161 0.69286262989
3162 0.695767760277
3163 0.694034874439
3164 0.692078411579
3165 0.692806899548
3166 0.69377809763
3167 0.692807435989
3168 0.697304725647
3169 0.695172905922
3170 0.690769374371
3171 0.694958209991
3172 0.693866729736
3173 0.700325489044
3174 0.70073479414
3175 0.686632633209
3176 0.693743109703
3177 0.694296240807
3178 0.693554639816
3179 0.693662643433
3180 0.692610621452
3181 0.694575428963
3182 0.69326364994
3183 0.688328325748
3184 0.689528107643
3185 0.6991533041
3186 0.690709114075
3187 0.697054982185
3188 0.698549211025
3189 0.698622882366
3190 0.691836535931
3191 0.68810158968
3192 0.701728463173
3193 0.693031430244
3194 0.696062207222
3195 0.690968811512
3196 0.69525551796
3197 0.694932281971
3198 0.694372475147
3199 0.69205904007
3200 0.694452166557
3201 0.693016886711
3202 0.693040966988
3203 0.692516207695
3204 0.694759130478
3205 0.693763911724
3206 0.690468192101
3207 0.696286141872
3208 0.691284179688
3209 0.696846187115
3210 0.684643268585
3211 0.690110087395
3212 0.690783500671
3213 0.699973702431
3214 0.695529639721
3215 0.688185632229
3216 0.700525283813
3217 0.701463937759
3218 0.695084571838
3219 0.693772912025
3220 0.693565487862
3221 0.693431437016
3222 0.696343481541
3223 0.696543812752
3224 0.693078041077
3225 0.692913234234
3226 0.694572091103
3227 0.688745617867
3228 0.699158906937
3229 0.696465611458
3230 0.691942512989
3231 0.687967896461
3232 0.695105612278
3233 0.691864311695
3234 0.690666496754
3235 0.704090237617
3236 0.692987322807
3237 0.69848716259
3238 0.688892066479
3239 0.690056145191
3240 0.695531129837
3241 0.692039370537
3242 0.691296994686
3243 0.693465054035
3244 0.694114506245
3245 0.697888374329
3246 0.694326043129
3247 0.692449688911
3248 0.693352222443
3249 0.693563699722
3250 0.69261944294
3251 0.696910381317
3252 0.693199753761
3253 0.694032073021
3254 0.695709645748
3255 0.692856907845
3256 0.691661477089
3257 0.693463146687
3258 0.691714167595
3259 0.695228338242
3260 0.693754673004
3261 0.693651676178
3262 0.693639218807
3263 0.692958056927
3264 0.692998945713
3265 0.692668557167
3266 0.69378978014
3267 0.694046199322
3268 0.691854119301
3269 0.69199436903
3270 0.694657325745
3271 0.694816410542
3272 0.696191310883
3273 0.691927134991
3274 0.691449940205
3275 0.692474246025
3276 0.695586204529
3277 0.694124341011
3278 0.694125413895
3279 0.692156255245
3280 0.693117499352
3281 0.692967236042
3282 0.693224072456
3283 0.692909955978
3284 0.690966904163
3285 0.69445091486
3286 0.689131259918
3287 0.692823112011
3288 0.701364576817
3289 0.690690398216
3290 0.693052232265
3291 0.697097599506
3292 0.691907525063
3293 0.702825844288
3294 0.687927126884
3295 0.690497040749
3296 0.696912109852
3297 0.697835803032
3298 0.695172905922
3299 0.691834270954
3300 0.688447117805
3301 0.694393157959
3302 0.686702132225
3303 0.690493226051
3304 0.699474215508
3305 0.692763507366
3306 0.68762999773
3307 0.693581104279
3308 0.69679248333
3309 0.689723730087
3310 0.694336295128
3311 0.694259524345
3312 0.696276962757
3313 0.694592297077
3314 0.691751122475
3315 0.691548645496
3316 0.692081093788
3317 0.692834734917
3318 0.692821621895
3319 0.690940022469
3320 0.697584033012
3321 0.694723129272
3322 0.692315340042
3323 0.694202244282
3324 0.693333804607
3325 0.693251490593
3326 0.693239569664
3327 0.692327916622
3328 0.692232012749
3329 0.689883947372
3330 0.695802152157
3331 0.697052657604
3332 0.686044514179
3333 0.69543248415
3334 0.697649419308
3335 0.690974414349
3336 0.690921604633
3337 0.702153086662
3338 0.701468169689
3339 0.690415918827
3340 0.691397070885
3341 0.691014885902
3342 0.6965726614
3343 0.69714319706
3344 0.693768620491
3345 0.693175375462
3346 0.694900274277
3347 0.693718850613
3348 0.69348603487
3349 0.693200230598
3350 0.693578779697
3351 0.692384243011
3352 0.689890682697
3353 0.686714828014
3354 0.6920992136
3355 0.692770600319
3356 0.689659118652
3357 0.693063855171
3358 0.691823780537
3359 0.698113381863
3360 0.708334326744
3361 0.701426565647
3362 0.696350574493
3363 0.69448029995
3364 0.703792691231
3365 0.693823516369
3366 0.700193941593
3367 0.694868803024
3368 0.693049073219
3369 0.691858053207
3370 0.692813038826
3371 0.696104049683
3372 0.69183242321
3373 0.695607841015
3374 0.696022689342
3375 0.690402328968
3376 0.691921830177
3377 0.702088236809
3378 0.693645775318
3379 0.701887130737
3380 0.690217196941
3381 0.699468970299
3382 0.69332331419
3383 0.704626739025
3384 0.697157502174
3385 0.696961402893
3386 0.694417953491
3387 0.692270159721
3388 0.692353606224
3389 0.692992806435
3390 0.693192183971
3391 0.695317745209
3392 0.69241130352
3393 0.695827484131
3394 0.692737042904
3395 0.692822039127
3396 0.692410826683
3397 0.692181587219
3398 0.693659305573
3399 0.691525280476
3400 0.693206906319
3401 0.691144347191
3402 0.694796025753
3403 0.689864456654
3404 0.691064357758
3405 0.705316722393
3406 0.691901147366
3407 0.691046416759
3408 0.69199025631
3409 0.688392758369
3410 0.702150762081
3411 0.69364374876
3412 0.696761250496
3413 0.700820803642
3414 0.695375442505
3415 0.693300127983
3416 0.693611323833
3417 0.693361461163
3418 0.69008910656
3419 0.695134460926
3420 0.694945156574
3421 0.692787468433
3422 0.69734698534
3423 0.69376283884
3424 0.697397053242
3425 0.69616407156
3426 0.690494418144
3427 0.692095518112
3428 0.692079246044
3429 0.692110836506
3430 0.690367817879
3431 0.700319111347
3432 0.686965048313
3433 0.694426417351
3434 0.694393873215
3435 0.692175328732
3436 0.690307021141
3437 0.693819046021
3438 0.69820868969
3439 0.697311758995
3440 0.691163659096
3441 0.693740963936
3442 0.693375825882
3443 0.693339943886
3444 0.694438040257
3445 0.695155978203
3446 0.692531585693
3447 0.695646882057
3448 0.694284319878
3449 0.6930295825
3450 0.692841470242
3451 0.69309091568
3452 0.693131446838
3453 0.692823052406
3454 0.692751049995
3455 0.691995799541
3456 0.691204190254
3457 0.689949989319
3458 0.6882122159
3459 0.689911603928
3460 0.686929643154
3461 0.685904383659
3462 0.692023217678
3463 0.68426245451
3464 0.694835186005
3465 0.685649693012
3466 0.716610908508
3467 0.698694348335
3468 0.701251626015
3469 0.701038479805
3470 0.705524265766
3471 0.69736969471
3472 0.709584832191
3473 0.692144989967
3474 0.711454033852
3475 0.709737122059
3476 0.692772209644
3477 0.690329194069
3478 0.69371765852
3479 0.692867398262
3480 0.692774415016
3481 0.691987276077
3482 0.692985415459
3483 0.694453477859
3484 0.693387567997
3485 0.690286159515
3486 0.711742758751
3487 0.699247360229
3488 0.704257369041
3489 0.695196986198
3490 0.687434315681
3491 0.698851108551
3492 0.694332242012
3493 0.700815677643
3494 0.693735480309
3495 0.691343188286
3496 0.691089510918
3497 0.693660140038
3498 0.694055616856
3499 0.693647027016
3500 0.693206429482
3501 0.691418886185
3502 0.696240484715
3503 0.695436656475
3504 0.696802258492
3505 0.697070002556
3506 0.692786216736
3507 0.69454908371
3508 0.686185359955
3509 0.693664193153
3510 0.69104373455
3511 0.693774163723
3512 0.689962506294
3513 0.69590395689
3514 0.690770089626
3515 0.691878855228
3516 0.700428307056
3517 0.689869403839
3518 0.682078421116
3519 0.698197960854
3520 0.701486945152
3521 0.690911531448
3522 0.696612656116
3523 0.691935956478
3524 0.689663410187
3525 0.697294831276
3526 0.696032226086
3527 0.693803429604
3528 0.691212773323
3529 0.69278472662
3530 0.691935062408
3531 0.695147871971
3532 0.692423820496
3533 0.693969607353
3534 0.693328678608
3535 0.692167639732
3536 0.690910935402
3537 0.696448922157
3538 0.694039821625
3539 0.690662503242
3540 0.699134409428
3541 0.693616271019
3542 0.693576991558
3543 0.700462162495
3544 0.693460226059
3545 0.693290054798
3546 0.691148817539
3547 0.693200170994
3548 0.693360924721
3549 0.693312287331
3550 0.693695187569
3551 0.693296432495
3552 0.693538069725
3553 0.692917704582
3554 0.693589627743
3555 0.694837272167
3556 0.69208496809
3557 0.693151295185
3558 0.692891120911
3559 0.69368737936
3560 0.693676352501
3561 0.693338572979
3562 0.692715346813
3563 0.693729043007
3564 0.693182110786
3565 0.693011403084
3566 0.69302046299
3567 0.692947626114
3568 0.692454695702
3569 0.693968117237
3570 0.692505538464
3571 0.694435417652
3572 0.689775049686
3573 0.692732512951
3574 0.693412184715
3575 0.69277536869
3576 0.688951134682
3577 0.69879758358
3578 0.686657726765
3579 0.693762898445
3580 0.70002746582
3581 0.698906540871
3582 0.692783951759
3583 0.694514214993
3584 0.689091205597
3585 0.694146633148
3586 0.687581181526
3587 0.698254883289
3588 0.69460695982
3589 0.690611183643
3590 0.691735327244
3591 0.691760063171
3592 0.694420814514
3593 0.695301830769
3594 0.69191890955
3595 0.695295274258
3596 0.692385911942
3597 0.691709816456
3598 0.69265460968
3599 0.694747805595
3600 0.693242847919
3601 0.694819450378
3602 0.693035244942
3603 0.693775475025
3604 0.694221675396
3605 0.693967938423
3606 0.691972911358
3607 0.694369614124
3608 0.694439172745
3609 0.693294346333
3610 0.696062505245
3611 0.693699717522
3612 0.690348744392
3613 0.69435095787
3614 0.693894147873
3615 0.693380475044
3616 0.693540036678
3617 0.693303763866
3618 0.693103969097
3619 0.693359017372
3620 0.693654596806
3621 0.692947506905
3622 0.692523777485
3623 0.6920119524
3624 0.690233111382
3625 0.696894645691
3626 0.692742884159
3627 0.690436840057
3628 0.689335465431
3629 0.691917896271
3630 0.695693850517
3631 0.698069572449
3632 0.690862953663
3633 0.688646793365
3634 0.692974984646
3635 0.696563065052
3636 0.687094807625
3637 0.697941601276
3638 0.685823261738
3639 0.698120594025
3640 0.692998945713
3641 0.688161194324
3642 0.699083805084
3643 0.689414620399
3644 0.69989490509
3645 0.700332462788
3646 0.696550488472
3647 0.690579235554
3648 0.689894199371
3649 0.692282676697
3650 0.696438670158
3651 0.692802727222
3652 0.691268444061
3653 0.694183528423
3654 0.693956375122
3655 0.693067729473
3656 0.692947268486
3657 0.693546652794
3658 0.690576374531
3659 0.69228374958
3660 0.695137441158
3661 0.695606529713
3662 0.690451979637
3663 0.691994845867
3664 0.691092133522
3665 0.688055157661
3666 0.695030868053
3667 0.699867427349
3668 0.692936956882
3669 0.69518071413
3670 0.697401881218
3671 0.703052520752
3672 0.694476485252
3673 0.693409919739
3674 0.691356241703
3675 0.692484915257
3676 0.690452694893
3677 0.69261097908
3678 0.693672299385
3679 0.693469047546
3680 0.693120121956
3681 0.693376660347
3682 0.691230297089
3683 0.691528379917
3684 0.696913003922
3685 0.693140864372
3686 0.693849563599
3687 0.691260933876
3688 0.691507697105
3689 0.693566560745
3690 0.694156229496
3691 0.693263232708
3692 0.698130488396
3693 0.69154471159
3694 0.693062841892
3695 0.692671000957
3696 0.693818092346
3697 0.693210303783
3698 0.692917346954
3699 0.693072497845
3700 0.693131804466
3701 0.693147718906
3702 0.693006753922
3703 0.6931630373
3704 0.693178534508
3705 0.693097949028
3706 0.6928383708
3707 0.692773163319
3708 0.69199681282
3709 0.693175435066
3710 0.692789196968
3711 0.692785561085
3712 0.698154568672
3713 0.692714512348
3714 0.689961135387
3715 0.689790129662
3716 0.69203543663
3717 0.691907584667
3718 0.698640704155
3719 0.68990200758
3720 0.689819157124
3721 0.692871809006
3722 0.689750313759
3723 0.685051321983
3724 0.695558726788
3725 0.695714116096
3726 0.694456875324
3727 0.68899512291
3728 0.697417676449
3729 0.69729590416
3730 0.698368668556
3731 0.686931610107
3732 0.691870391369
3733 0.692911982536
3734 0.689776420593
3735 0.689798355103
3736 0.69179803133
3737 0.704485118389
3738 0.698442101479
3739 0.697421789169
3740 0.691120326519
3741 0.694021880627
3742 0.695639133453
3743 0.693051874638
3744 0.693388104439
3745 0.695756137371
3746 0.694313466549
3747 0.691584706306
3748 0.689424872398
3749 0.699890971184
3750 0.695264995098
3751 0.694304823875
3752 0.698778748512
3753 0.693988859653
3754 0.692288398743
3755 0.69484269619
3756 0.694953322411
3757 0.693369865417
3758 0.692650914192
3759 0.693988442421
3760 0.695113956928
3761 0.692227482796
3762 0.69690656662
3763 0.697039008141
3764 0.693459033966
3765 0.696010947227
3766 0.693921744823
3767 0.69082993269
3768 0.693241000175
3769 0.692842364311
3770 0.691336989403
3771 0.693501591682
3772 0.694647312164
3773 0.694681406021
3774 0.692908763885
3775 0.692853152752
3776 0.693120598793
3777 0.693036198616
3778 0.692918598652
3779 0.692670762539
3780 0.693636775017
3781 0.692429065704
3782 0.694048285484
3783 0.695562362671
3784 0.693612873554
3785 0.696760952473
3786 0.693812251091
3787 0.694578826427
3788 0.693231523037
3789 0.69294911623
3790 0.690939247608
3791 0.698822319508
3792 0.692049980164
3793 0.686123728752
3794 0.702812314034
3795 0.687614262104
3796 0.696323513985
3797 0.688230991364
3798 0.693032562733
3799 0.69178378582
3800 0.690522611141
3801 0.68764847517
3802 0.697813391685
3803 0.70235234499
3804 0.693315505981
3805 0.69871032238
3806 0.700829684734
3807 0.699599385262
3808 0.695497393608
3809 0.687353789806
3810 0.695483326912
3811 0.694434463978
3812 0.691874682903
3813 0.693979918957
3814 0.69315379858
3815 0.693075299263
3816 0.695585429668
3817 0.694328844547
3818 0.693967401981
3819 0.692808687687
3820 0.69317740202
3821 0.693566203117
3822 0.693729519844
3823 0.692894876003
3824 0.69140034914
3825 0.692857265472
3826 0.692599415779
3827 0.69343662262
3828 0.693185925484
3829 0.691673457623
3830 0.694865107536
3831 0.69285774231
3832 0.691479027271
3833 0.690387547016
3834 0.6932913661
3835 0.691494345665
3836 0.694202840328
3837 0.697935223579
3838 0.692731022835
3839 0.696241080761
3840 0.69143229723
3841 0.693858504295
3842 0.692614197731
3843 0.693242371082
3844 0.693643927574
3845 0.693843662739
3846 0.695085823536
3847 0.693042933941
3848 0.693120419979
3849 0.69330817461
3850 0.692866206169
3851 0.692694485188
3852 0.692818462849
3853 0.693380475044
3854 0.694021999836
3855 0.694071888924
3856 0.69376039505
3857 0.693058848381
3858 0.692477583885
3859 0.692625403404
3860 0.692878007889
3861 0.693583369255
3862 0.69243055582
3863 0.694025814533
3864 0.692010223866
3865 0.692919373512
3866 0.694171071053
3867 0.693547964096
3868 0.694474041462
3869 0.693184971809
3870 0.693215847015
3871 0.693105638027
3872 0.693503260612
3873 0.691829681396
3874 0.692334532738
3875 0.693783760071
3876 0.692311048508
3877 0.692766070366
3878 0.695549070835
3879 0.689937889576
3880 0.694616019726
3881 0.692800164223
3882 0.69480919838
3883 0.692073822021
3884 0.691376745701
3885 0.696311175823
3886 0.695374011993
3887 0.690950870514
3888 0.691526055336
3889 0.692173600197
3890 0.698355555534
3891 0.694646060467
3892 0.690676450729
3893 0.692136764526
3894 0.692256748676
3895 0.693497776985
3896 0.693579435349
3897 0.691477835178
3898 0.693168461323
3899 0.69341391325
3900 0.692502379417
3901 0.693187355995
3902 0.691832900047
3903 0.697023332119
3904 0.695946455002
3905 0.693227052689
3906 0.693080127239
3907 0.693499565125
3908 0.694191992283
3909 0.693287312984
3910 0.693072617054
3911 0.693462371826
3912 0.695109605789
3913 0.693072974682
3914 0.692405581474
3915 0.693889439106
3916 0.69129383564
3917 0.694825053215
3918 0.687202095985
3919 0.696758389473
3920 0.695486664772
3921 0.696707487106
3922 0.699539005756
3923 0.684702277184
3924 0.696546018124
3925 0.687381923199
3926 0.690927386284
3927 0.691861987114
3928 0.693910777569
3929 0.693931400776
3930 0.691904842854
3931 0.700463533401
3932 0.69288289547
3933 0.691910922527
3934 0.68831384182
3935 0.696252644062
3936 0.691867887974
3937 0.693593502045
3938 0.692805051804
3939 0.694921314716
3940 0.688232660294
3941 0.6986541152
3942 0.693801760674
3943 0.696604371071
3944 0.69566488266
3945 0.693137824535
3946 0.694143414497
3947 0.693514943123
3948 0.693833887577
3949 0.69281733036
3950 0.695820629597
3951 0.695673584938
3952 0.695839107037
3953 0.694310307503
3954 0.692770779133
3955 0.694060206413
3956 0.693768203259
3957 0.698196053505
3958 0.689768433571
3959 0.692764878273
3960 0.70058876276
3961 0.691887021065
3962 0.696787536144
3963 0.693841457367
3964 0.694583833218
3965 0.692011237144
3966 0.690359711647
3967 0.688251852989
3968 0.694297134876
3969 0.695938885212
3970 0.6904707551
3971 0.693458199501
3972 0.6927344203
3973 0.690565764904
3974 0.689028143883
3975 0.698403477669
3976 0.68727606535
3977 0.691911101341
3978 0.692780613899
3979 0.688085377216
3980 0.689720630646
3981 0.698508739471
3982 0.699866831303
3983 0.693984270096
3984 0.692821860313
3985 0.697847902775
3986 0.699975371361
3987 0.693488776684
3988 0.688798069954
3989 0.691212177277
3990 0.693184673786
3991 0.695160746574
3992 0.693139433861
3993 0.694413542747
3994 0.693442821503
3995 0.693424880505
3996 0.695236861706
3997 0.692638158798
3998 0.69203710556
3999 0.693163692951
