0 0.692875266075
1 0.692848682404
2 0.692225575447
3 0.691375851631
4 0.692174732685
5 0.692650457223
6 0.692836267608
7 0.691260553896
8 0.691691570812
9 0.694114875793
10 0.694690823555
11 0.694912965099
12 0.694562384715
13 0.694787276643
14 0.695640023549
15 0.695340014994
16 0.695307352964
17 0.695140994257
18 0.695041669042
19 0.694809940457
20 0.694716779959
21 0.694739528678
22 0.694852199243
23 0.695230086644
24 0.695154798031
25 0.695443107532
26 0.695112014258
27 0.695171605263
28 0.695301316935
29 0.695272644361
30 0.695206173005
31 0.695144735277
32 0.695074583545
33 0.695082166616
34 0.695048071657
35 0.694961183601
36 0.694909628984
37 0.694957063386
38 0.694758383127
39 0.694686810672
40 0.694587332446
41 0.69449081875
42 0.694666898528
43 0.694696523926
44 0.694553605715
45 0.6944463564
46 0.694247755599
47 0.69456641376
48 0.694469079679
49 0.694437886477
50 0.694327250415
51 0.694422866289
52 0.694416049516
53 0.694424337811
54 0.694399313493
55 0.694374581533
56 0.694368618622
57 0.694342169268
58 0.694386860072
59 0.69434950153
60 0.694290420071
61 0.694216881068
62 0.694255361481
63 0.694280146621
64 0.694258799003
65 0.694224462365
66 0.694204272619
67 0.694255985758
68 0.694253960381
69 0.69426517146
70 0.694240928536
71 0.694224289722
72 0.694210442778
73 0.694236694156
74 0.694200735092
75 0.694193189866
76 0.69422063812
77 0.69417103208
78 0.694221748581
79 0.694194996357
80 0.694169508086
81 0.694161304613
82 0.694124269198
83 0.694073723895
84 0.694059226092
85 0.6940640322
86 0.694089665495
87 0.694021344862
88 0.694086647436
89 0.694022934304
90 0.694052474184
91 0.694031797673
92 0.694031951889
93 0.694056961765
94 0.694034122793
95 0.694022161265
96 0.694010878347
97 0.694000385854
98 0.694000447037
99 0.69399194181
100 0.69398562979
101 0.693989341166
102 0.693981301437
103 0.693967060401
104 0.693939051174
105 0.693968548527
106 0.694023040411
107 0.693989310552
108 0.694018403325
109 0.694042375955
110 0.694061809832
111 0.694040510803
112 0.694030219475
113 0.694022165579
114 0.694014812552
115 0.69400350287
116 0.693999329184
117 0.69396143394
118 0.693972221944
119 0.693921386699
120 0.694023531331
121 0.693930020098
122 0.693986705164
123 0.693970321167
124 0.694002322197
125 0.693940997124
126 0.694035992848
127 0.69402862573
128 0.694020075391
129 0.694028083178
130 0.694008139254
131 0.693997405695
132 0.694001620425
133 0.693995193314
134 0.694011887798
135 0.694001808324
136 0.693980573738
137 0.693985878557
138 0.693955041522
139 0.693921577505
140 0.693984712269
141 0.693998670914
142 0.693964715604
143 0.693990982241
144 0.693983303678
145 0.693970265046
146 0.693985849416
147 0.693988396107
148 0.693969793768
149 0.693975264231
150 0.693969529196
151 0.69396328534
152 0.693965659812
153 0.693975275213
154 0.693971237829
155 0.693966530837
156 0.693958779809
157 0.693954239918
158 0.693943822159
159 0.693995989859
160 0.693992582537
161 0.693976374688
162 0.693972219353
163 0.693972744229
164 0.693976793506
165 0.693970421352
166 0.693965414684
167 0.693958639034
168 0.693957949178
169 0.693962919011
170 0.693952576807
171 0.693950707136
172 0.693962982624
173 0.693962790158
174 0.693954229695
175 0.693965217268
176 0.693966907633
177 0.693994374423
178 0.693974388045
179 0.693982425994
180 0.693976120396
181 0.693965778574
182 0.693951809667
183 0.693929911956
184 0.69392864092
185 0.693932627798
186 0.693926958796
187 0.693930852603
188 0.693938104249
189 0.693950509711
190 0.693937357496
191 0.693937174665
192 0.693934007321
193 0.693930441264
194 0.693927603196
195 0.693925415679
196 0.693923253396
197 0.693916750376
198 0.693913111435
199 0.693911550939
200 0.693912444423
201 0.693917238181
202 0.693923898518
203 0.693919681159
204 0.693918224951
205 0.693909752137
206 0.693912872946
207 0.693902926949
208 0.693886131476
209 0.69388500225
210 0.693880347844
211 0.693861164293
212 0.693903077096
213 0.693872066023
214 0.693840549158
215 0.693831629775
216 0.693862606578
217 0.693872916316
218 0.693828288279
219 0.693819522045
220 0.693866251281
221 0.693889543548
222 0.693889209508
223 0.693895565878
224 0.693885090086
225 0.693879072381
226 0.693875884957
227 0.693872604715
228 0.693869053797
229 0.693863989478
230 0.693857787749
231 0.693877191636
232 0.693864543806
233 0.693856447426
234 0.693863592503
235 0.693874757674
236 0.693870604038
237 0.693865844682
238 0.693861767587
239 0.693859115988
240 0.693855890347
241 0.693852475606
242 0.693846827917
243 0.693849954937
244 0.693852972011
245 0.693857776198
246 0.693851255695
247 0.693849936368
248 0.693847306761
249 0.693843271732
250 0.693838883206
251 0.693836232736
252 0.693832761214
253 0.693835230794
254 0.693836644117
255 0.693833232159
256 0.693819340797
257 0.693812549807
258 0.693841981842
259 0.693861460915
260 0.69385963587
261 0.693858051346
262 0.693885211482
263 0.693888132319
264 0.69392594189
265 0.693921945597
266 0.693931015243
267 0.69392786542
268 0.69392774916
269 0.693921314345
270 0.6939208248
271 0.693938430618
272 0.693926475642
273 0.693909547842
274 0.693897143711
275 0.693884514812
276 0.69386573152
277 0.693839857261
278 0.693863004766
279 0.693857704529
280 0.693845267186
281 0.693847411702
282 0.69391312953
283 0.693961421789
284 0.693936324538
285 0.693962302241
286 0.693961491153
287 0.693959579286
288 0.693953449751
289 0.693947235264
290 0.69393691185
291 0.693929881062
292 0.693950289345
293 0.693932168541
294 0.693907281706
295 0.693909080649
296 0.693918931966
297 0.693914440854
298 0.693895418508
299 0.693890984058
300 0.69391491128
301 0.693929594874
302 0.693911809536
303 0.693921467976
304 0.693901203109
305 0.693939354685
306 0.693953078616
307 0.69394690437
308 0.693944628956
309 0.693949677483
310 0.693955846346
311 0.693941850502
312 0.693965342669
313 0.693954123054
314 0.693952399776
315 0.693950584606
316 0.693948727489
317 0.693962157335
318 0.693960562208
319 0.693957025371
320 0.693955083874
321 0.693954012409
322 0.693923501407
323 0.693929833762
324 0.693913892783
325 0.693984531003
326 0.693995996353
327 0.693990132612
328 0.693964671038
329 0.693963292151
330 0.693943792059
331 0.693933301841
332 0.693936089496
333 0.693934322117
334 0.69393229271
335 0.693964237081
336 0.693978811407
337 0.693966618833
338 0.693967527169
339 0.693964126005
340 0.693961502869
341 0.693964177056
342 0.693961373919
343 0.693959390528
344 0.693957188855
345 0.693954813859
346 0.69395422403
347 0.693952622599
348 0.6939471446
349 0.693941398859
350 0.693935954842
351 0.693926737728
352 0.693972927653
353 0.693993887154
354 0.693967328777
355 0.693944931198
356 0.69395695681
357 0.693942675044
358 0.693954657711
359 0.693957323829
360 0.693966755246
361 0.693954565907
362 0.693977598645
363 0.693986291086
364 0.693984196284
365 0.693981434804
366 0.693978335942
367 0.693993010599
368 0.69398491654
369 0.693967206253
370 0.693957975129
371 0.693956827765
372 0.693942471899
373 0.693937950593
374 0.693917373975
375 0.693919888202
376 0.693935326145
377 0.693968738986
378 0.694021014551
379 0.694006823709
380 0.69402351733
381 0.69403096425
382 0.694025155614
383 0.694021521447
384 0.694018595714
385 0.694017757869
386 0.694009849267
387 0.694009198202
388 0.694006564531
389 0.694007498026
390 0.693984852727
391 0.693983647136
392 0.694008816593
393 0.694046085407
394 0.694044272809
395 0.694032906884
396 0.69403269324
397 0.694027724428
398 0.694021459062
399 0.694018526971
400 0.694015591519
401 0.694012732352
402 0.694010751863
403 0.694013911751
404 0.694012363457
405 0.694012958134
406 0.694018945061
407 0.694023046862
408 0.694023777774
409 0.694032899054
410 0.694032571032
411 0.69403143936
412 0.694029320672
413 0.694027784654
414 0.694025115651
415 0.694023100516
416 0.694014168043
417 0.694010026717
418 0.694001382461
419 0.694004306907
420 0.693996152091
421 0.694002063495
422 0.694008891605
423 0.694012006639
424 0.694014954567
425 0.693984668719
426 0.694006404357
427 0.694022762023
428 0.694023833408
429 0.694009149629
430 0.69402165341
431 0.694023471878
432 0.694018351151
433 0.694017781228
434 0.694016558823
435 0.694011375445
436 0.694009938284
437 0.694019248496
438 0.694014771653
439 0.694008329782
440 0.694005812242
441 0.694032394374
442 0.69404010579
443 0.694037427371
444 0.694035116742
445 0.694033125591
446 0.694035854649
447 0.694030313087
448 0.694035924357
449 0.6940361468
450 0.694034336808
451 0.694035636772
452 0.694034160105
453 0.694030117096
454 0.694043623615
455 0.694046829745
456 0.694036137223
457 0.694043062009
458 0.694050142838
459 0.694054217701
460 0.694060830387
461 0.694044924144
462 0.694043584184
463 0.694039714747
464 0.694035898998
465 0.69403581609
466 0.694035631942
467 0.694038419387
468 0.694036687869
469 0.694036556558
470 0.694034566292
471 0.694037038012
472 0.69403341003
473 0.694030127948
474 0.694030718803
475 0.694030437149
476 0.69403241178
477 0.694034741887
478 0.694031791797
479 0.694030349826
480 0.694028596001
481 0.694025216385
482 0.694020504167
483 0.694025277229
484 0.694033930228
485 0.694033515306
486 0.694029282251
487 0.694013374018
488 0.694029257341
489 0.694029214796
490 0.694030898045
491 0.694023342394
492 0.69402424172
493 0.69401468234
494 0.694013748386
495 0.694012794163
496 0.694007705995
497 0.694014926512
498 0.694003765712
499 0.694001449585
500 0.694007884599
501 0.694012840074
502 0.694011815026
503 0.694009989264
504 0.694006889173
505 0.694006265152
506 0.694003934338
507 0.694009707903
508 0.694010941125
509 0.694008733011
510 0.694016968784
511 0.694020646857
512 0.69402053807
513 0.694012255752
514 0.694010052635
515 0.694010525595
516 0.694007361535
517 0.69400883607
518 0.694007913731
519 0.694005746222
520 0.694008950537
521 0.694008877108
522 0.69401286437
523 0.694012297019
524 0.69400998547
525 0.694006292426
526 0.694007001181
527 0.693995051199
528 0.693999055766
529 0.694004664668
530 0.69397739154
531 0.694005349749
532 0.69403797019
533 0.694031034516
534 0.694037437439
535 0.694042378731
536 0.694050578099
537 0.694052130649
538 0.694053282985
539 0.694051678534
540 0.694050392911
541 0.694046855193
542 0.694050723128
543 0.694042453433
544 0.694053837684
545 0.69405983121
546 0.694069093934
547 0.694063780299
548 0.694068072815
549 0.694069479921
550 0.6940707692
551 0.694067653862
552 0.694063230298
553 0.694061226255
554 0.694047054407
555 0.694043686707
556 0.694053006129
557 0.694072970353
558 0.694089245711
559 0.694082980071
560 0.694085161529
561 0.694082695606
562 0.694091319085
563 0.694094911852
564 0.694106151045
565 0.694097447627
566 0.69408975171
567 0.694093876846
568 0.69409385245
569 0.694092968995
570 0.694091990303
571 0.694092308725
572 0.694089233251
573 0.694090854519
574 0.694088729879
575 0.694105685585
576 0.694108122866
577 0.694104715821
578 0.694101540227
579 0.694103410018
580 0.694098980722
581 0.694096997022
582 0.694096970108
583 0.694095633108
584 0.69409404341
585 0.694087406779
586 0.694088645343
587 0.694088110814
588 0.694077098612
589 0.694073371665
590 0.694074979692
591 0.69406580049
592 0.694068887081
593 0.694049510992
594 0.694078456554
595 0.69406195935
596 0.694062510827
597 0.694066248311
598 0.694060010285
599 0.694068671266
600 0.694075922799
601 0.694074552123
602 0.694076472847
603 0.694081408496
604 0.694083406117
605 0.694081992009
606 0.694081572665
607 0.694073495504
608 0.694065079998
609 0.694077739071
610 0.694079734202
611 0.694097149703
612 0.694096840906
613 0.6940907071
614 0.694098544605
615 0.694107979633
616 0.694106623941
617 0.694119825815
618 0.69411396287
619 0.694107792551
620 0.694102920676
621 0.69409938813
622 0.694095640848
623 0.694098875691
624 0.694098940849
625 0.694095351826
626 0.694092384936
627 0.69409510816
628 0.694095279719
629 0.694093343474
630 0.694091633175
631 0.694089855857
632 0.69409384236
633 0.694092512695
634 0.694088213087
635 0.694085705018
636 0.694075525088
637 0.694084494465
638 0.694082611137
639 0.694082230423
640 0.694077385755
641 0.694070788466
642 0.694070961112
643 0.694076890531
644 0.694086024003
645 0.694081188355
646 0.694083273687
647 0.694082390379
648 0.694085851932
649 0.694084769762
650 0.694082710417
651 0.694085475217
652 0.694089265092
653 0.694092518419
654 0.694093470901
655 0.694095605121
656 0.694096431068
657 0.694094834085
658 0.694092560791
659 0.694091300441
660 0.694094100806
661 0.694085430523
662 0.694083654952
663 0.694083835615
664 0.694094087845
665 0.694094577888
666 0.694074783457
667 0.694079588095
668 0.694092840179
669 0.694098915983
670 0.694115950258
671 0.694118659411
672 0.694117437234
673 0.694115160127
674 0.694113252516
675 0.694115028932
676 0.694120280147
677 0.694121923243
678 0.694126597824
679 0.694128828627
680 0.694143850635
681 0.69414066508
682 0.694154055017
683 0.694157309264
684 0.694158812683
685 0.694156326201
686 0.694155158001
687 0.694153728787
688 0.694156031131
689 0.694155926463
690 0.69415609269
691 0.694157488343
692 0.694153440377
693 0.694159094727
694 0.694157181798
695 0.694152341834
696 0.694155400418
697 0.694157074721
698 0.694155088481
699 0.694153072493
700 0.694153508429
701 0.694150339674
702 0.694146668165
703 0.69415295886
704 0.694151108823
705 0.694144348585
706 0.694153562968
707 0.694145476582
708 0.694138595432
709 0.694135484057
710 0.694127888619
711 0.694134794427
712 0.694123203089
713 0.694109105262
714 0.694106068311
715 0.694103182694
716 0.694113211153
717 0.694092480253
718 0.69410097798
719 0.694098532945
720 0.694096100479
721 0.694099080777
722 0.69409907095
723 0.694098763868
724 0.694111759498
725 0.694120109574
726 0.694117078673
727 0.694122195571
728 0.694121791666
729 0.694119999343
730 0.694123344774
731 0.69411725783
732 0.694115719073
733 0.694116370148
734 0.694121820505
735 0.694127800024
736 0.694131530447
737 0.694139140247
738 0.694137993862
739 0.694133331647
740 0.694128873216
741 0.694133872613
742 0.694130007303
743 0.694130872687
744 0.694125370371
745 0.694123668581
746 0.694122518481
747 0.694120419057
748 0.694119635586
749 0.694119537512
750 0.694117550209
751 0.694116263631
752 0.69411468308
753 0.694113121899
754 0.694111299752
755 0.694110065068
756 0.694106289386
757 0.6941046357
758 0.694106237062
759 0.694100861094
760 0.694106949927
761 0.69410639399
762 0.694106837556
763 0.694105146131
764 0.694104349691
765 0.694101921339
766 0.694102338737
767 0.694096247278
768 0.694095223793
769 0.69409915921
770 0.694096997786
771 0.694093566948
772 0.69409150664
773 0.694092079188
774 0.694090995789
775 0.694092583411
776 0.694090402801
777 0.694089963458
778 0.694088880379
779 0.694087530634
780 0.694083244944
781 0.694082929198
782 0.694083173156
783 0.694087240465
784 0.694084539763
785 0.694075667069
786 0.694087023202
787 0.694081546918
788 0.694089524268
789 0.694082220521
790 0.694079589979
791 0.694081208847
792 0.694075888448
793 0.694073370182
794 0.694072736959
795 0.694072074552
796 0.694066189014
797 0.694056210885
798 0.694054789254
799 0.694056388959
800 0.694053664562
801 0.694056036095
802 0.69405336331
803 0.694066534959
804 0.69406538565
805 0.694077887991
806 0.694075374355
807 0.694076297971
808 0.694075371338
809 0.694074796232
810 0.694073777457
811 0.694077854306
812 0.694074858379
813 0.694076583046
814 0.694075822757
815 0.694075038255
816 0.694072136024
817 0.694073316593
818 0.69407708377
819 0.694074147794
820 0.694072848987
821 0.694071228197
822 0.694070232885
823 0.694069968193
824 0.694068744616
825 0.694067580576
826 0.69406584262
827 0.694066322656
828 0.694066100443
829 0.694065076759
830 0.694061916873
831 0.694059927805
832 0.694052501529
833 0.694052033216
834 0.694053115031
835 0.69404776152
836 0.694045179206
837 0.694051431514
838 0.694056073659
839 0.694056997626
840 0.694057671763
841 0.694063990883
842 0.694077428974
843 0.694081014155
844 0.694080241263
845 0.694084159449
846 0.69408346088
847 0.694086308538
848 0.694082553732
849 0.694088140656
850 0.694093803051
851 0.694089990476
852 0.694081506654
853 0.694071596554
854 0.694067636359
855 0.694065088633
856 0.694080076321
857 0.694077548656
858 0.694081373972
859 0.694081680442
860 0.694079140891
861 0.694079972337
862 0.69407854572
863 0.694084314422
864 0.69408437117
865 0.694083276439
866 0.694081879542
867 0.69407819548
868 0.694075740659
869 0.694073231741
870 0.694074272083
871 0.694079797476
872 0.694085786842
873 0.694091718857
874 0.694089366232
875 0.69408149888
876 0.694070241198
877 0.694069658841
878 0.694069105407
879 0.694073871049
880 0.694079813906
881 0.694070000024
882 0.694062014668
883 0.694063702253
884 0.69406652592
885 0.694061728888
886 0.694061568047
887 0.694055152033
888 0.694054864054
889 0.694059559602
890 0.69405731435
891 0.69406321451
892 0.694060608294
893 0.694059401284
894 0.694058526295
895 0.694057310266
896 0.694055129985
897 0.694055119442
898 0.694052898844
899 0.694043215579
900 0.694040833647
901 0.694036828969
902 0.694038461345
903 0.694042706912
904 0.694058174718
905 0.694060248781
906 0.69406572027
907 0.694066740802
908 0.69407289735
909 0.694073782386
910 0.694071678116
911 0.694071159355
912 0.694069765353
913 0.694068541738
914 0.694065341533
915 0.694062045112
916 0.694065709735
917 0.694074134162
918 0.694069337858
919 0.694066960397
920 0.694077824019
921 0.69408372245
922 0.694075964254
923 0.694077073173
924 0.694080980404
925 0.694080794733
926 0.694079917226
927 0.6940789549
928 0.694078175578
929 0.694076829828
930 0.694077669102
931 0.694065751884
932 0.694066404019
933 0.694079472881
934 0.694094381294
935 0.694093582276
936 0.694092558186
937 0.694100530099
938 0.694101616534
939 0.694100304043
940 0.694099048056
941 0.694097526957
942 0.694098308319
943 0.694097575179
944 0.694090217257
945 0.694093063946
946 0.694096668469
947 0.694099300961
948 0.694098173441
949 0.694105393134
950 0.694099065759
951 0.694097812248
952 0.694099084465
953 0.694099229399
954 0.694096743374
955 0.694098326452
956 0.694098247194
957 0.694097092978
958 0.694095976845
959 0.694094213409
960 0.694091523103
961 0.694086737544
962 0.694086508897
963 0.694097735946
964 0.694099177783
965 0.694092065836
966 0.694091030213
967 0.694086222301
968 0.694079986851
969 0.69407630913
970 0.694066452317
971 0.694055824981
972 0.694050040973
973 0.694057127595
974 0.694046563369
975 0.694040496147
976 0.694044678275
977 0.694043847254
978 0.694037809374
979 0.694039621584
980 0.69405921519
981 0.694060220616
982 0.694062689556
983 0.694055279762
984 0.694062662427
985 0.694066823315
986 0.694069274593
987 0.694070543536
988 0.69406950528
989 0.694069899032
990 0.694068635689
991 0.694060212121
992 0.694054550875
993 0.69405395734
994 0.694053879515
995 0.694058539638
996 0.694052645113
997 0.694060994413
998 0.694088695226
999 0.694084966958
1000 0.694083197789
1001 0.694072352258
1002 0.694075275632
1003 0.694076133974
1004 0.694068710246
1005 0.694068953602
1006 0.694070036859
1007 0.694070729412
1008 0.694063604941
1009 0.694065198627
1010 0.694070004155
1011 0.69407159414
1012 0.694070582741
1013 0.694065966726
1014 0.694062020391
1015 0.694058490374
1016 0.694062375858
1017 0.694054350345
1018 0.694061340949
1019 0.694088835401
1020 0.694099553185
1021 0.694098974569
1022 0.694122713099
1023 0.694150949595
1024 0.694159772571
1025 0.69415854118
1026 0.694159442749
1027 0.694158486819
1028 0.694159546793
1029 0.694156117115
1030 0.694166920118
1031 0.69416866723
1032 0.694166925847
1033 0.694175749614
1034 0.694172073274
1035 0.694180812672
1036 0.694196589715
1037 0.694201276941
1038 0.694211337518
1039 0.694208207039
1040 0.694205192336
1041 0.69420309688
1042 0.69420163812
1043 0.694200570841
1044 0.694199728509
1045 0.69419876459
1046 0.6942008288
1047 0.694200209705
1048 0.694199503718
1049 0.694198340575
1050 0.694197142385
1051 0.694196138375
1052 0.694194719662
1053 0.694193878538
1054 0.69419266929
1055 0.694192084343
1056 0.694191190863
1057 0.694189514521
1058 0.694185898088
1059 0.694182238995
1060 0.694184814783
1061 0.694179360757
1062 0.694177212462
1063 0.694180645105
1064 0.694180791535
1065 0.694190237916
1066 0.694189102491
1067 0.69418703773
1068 0.694181312736
1069 0.694183679775
1070 0.694183023926
1071 0.694184857852
1072 0.694184972544
1073 0.69418479566
1074 0.694184443729
1075 0.69418402969
1076 0.694180964815
1077 0.69418455453
1078 0.694180706235
1079 0.694181607443
1080 0.694181620799
1081 0.694184969897
1082 0.694192236866
1083 0.694190162794
1084 0.694192475657
1085 0.69419072187
1086 0.694186954457
1087 0.694186343318
1088 0.694185177157
1089 0.694184841475
1090 0.694183890476
1091 0.694183014306
1092 0.694181733904
1093 0.694180367525
1094 0.694180340527
1095 0.694179632694
1096 0.694174813757
1097 0.694170532494
1098 0.694170410683
1099 0.694176233628
1100 0.694178828968
1101 0.694171025294
1102 0.694166565849
1103 0.694159457109
1104 0.694169967692
1105 0.694155700276
1106 0.694155190695
1107 0.694162420417
1108 0.694164941341
1109 0.694169911984
1110 0.694166623237
1111 0.694167875772
1112 0.694169618263
1113 0.694165470838
1114 0.694158721344
1115 0.694159421602
1116 0.694158224571
1117 0.694161619878
1118 0.694161311711
1119 0.694159615838
1120 0.694159239823
1121 0.694158281606
1122 0.694157521797
1123 0.694156483028
1124 0.694154956553
1125 0.694152864269
1126 0.694148448419
1127 0.694150044774
1128 0.694146423661
1129 0.694139409171
1130 0.694143574603
1131 0.69414570638
1132 0.694139536408
1133 0.694143735122
1134 0.694148023906
1135 0.694149091315
1136 0.694143023529
1137 0.694139747188
1138 0.694139133429
1139 0.694138444882
1140 0.694143666812
1141 0.694142760986
1142 0.694143555765
1143 0.694146186113
1144 0.694148687192
1145 0.694148292092
1146 0.69414693985
1147 0.694148389668
1148 0.694143216541
1149 0.694138363807
1150 0.694131340751
1151 0.694136068277
1152 0.694140122491
1153 0.694152666905
1154 0.694147479121
1155 0.694146266394
1156 0.694148997964
1157 0.694147666965
1158 0.694148055123
1159 0.694158563737
1160 0.69416284171
1161 0.694159632808
1162 0.694155570872
1163 0.694157169191
1164 0.6941580755
1165 0.694158288821
1166 0.694158302328
1167 0.694157353054
1168 0.694155267103
1169 0.694155348264
1170 0.69415262344
1171 0.694150678279
1172 0.694152490206
1173 0.694147884592
1174 0.694137053236
1175 0.694133819467
1176 0.694126889173
1177 0.694138226971
1178 0.6941436287
1179 0.694146847119
1180 0.694145766534
1181 0.694157966149
1182 0.694153013415
1183 0.694162186336
1184 0.694161600855
1185 0.694164897047
1186 0.694166815472
1187 0.694167413495
1188 0.69416654912
1189 0.694165962884
1190 0.694163906784
1191 0.694161373297
1192 0.694163376907
1193 0.694151086823
1194 0.694160740346
1195 0.694163754084
1196 0.69416054543
1197 0.694160708253
1198 0.694166035976
1199 0.6941644907
1200 0.694153311896
1201 0.694156551966
1202 0.694154932166
1203 0.69415929062
1204 0.694157516956
1205 0.694154401373
1206 0.694162104134
1207 0.694165239616
1208 0.694164197045
1209 0.694163108808
1210 0.69416094161
1211 0.694159213663
1212 0.694158691762
1213 0.694157634771
1214 0.694156647464
1215 0.694155795206
1216 0.69415477768
1217 0.694154765218
1218 0.694153246281
1219 0.694152065183
1220 0.694151038961
1221 0.694149684984
1222 0.69415013447
1223 0.694152276598
1224 0.694152173412
1225 0.69415179634
1226 0.694151217994
1227 0.694150540504
1228 0.694149551545
1229 0.694148518109
1230 0.694147829793
1231 0.694146255684
1232 0.694146883894
1233 0.69414580675
1234 0.694144100844
1235 0.694140352526
1236 0.694135563694
1237 0.694138188451
1238 0.694139195605
1239 0.694140243771
1240 0.694144048871
1241 0.694138891119
1242 0.694140335436
1243 0.69413930585
1244 0.694142251082
1245 0.694141715717
1246 0.694140685685
1247 0.694139431398
1248 0.694139313851
1249 0.694138669395
1250 0.694138558887
1251 0.694137551105
1252 0.694132387353
1253 0.694136500786
1254 0.694128793549
1255 0.694122272739
1256 0.694131205977
1257 0.694138524832
1258 0.694152258946
1259 0.694161756313
1260 0.694156512252
1261 0.694153461422
1262 0.694156161208
1263 0.69415545671
1264 0.69415479889
1265 0.69415417436
1266 0.694152813026
1267 0.694153858566
1268 0.694152407706
1269 0.694152829778
1270 0.694150225606
1271 0.694152662636
1272 0.694147103664
1273 0.694144806972
1274 0.69415042564
1275 0.694149417049
1276 0.694143738659
1277 0.6941498955
1278 0.694148248299
1279 0.694147209637
1280 0.694146173853
1281 0.694144677121
1282 0.694139084218
1283 0.694134935319
1284 0.694134637447
1285 0.694137746958
1286 0.694141125623
1287 0.694138561994
1288 0.69413682682
1289 0.694136735219
1290 0.694138977022
1291 0.694140872858
1292 0.694141648208
1293 0.694141972931
1294 0.694138183051
1295 0.694138472371
1296 0.694138072368
1297 0.694136757972
1298 0.694135639188
1299 0.694135375619
1300 0.694134848151
1301 0.694134439604
1302 0.694133725426
1303 0.694134385582
1304 0.694133494138
1305 0.694132237759
1306 0.694132851889
1307 0.694132084192
1308 0.694131575849
1309 0.694130844651
1310 0.694129980083
1311 0.694129057092
1312 0.694128631683
1313 0.694127338889
1314 0.694125976626
1315 0.694125854543
1316 0.694123908527
1317 0.694127205154
1318 0.694127687186
1319 0.694124608374
1320 0.69412483919
1321 0.694123109693
1322 0.694120320829
1323 0.694118507184
1324 0.694119960632
1325 0.694121429239
1326 0.694119569046
1327 0.694122740662
1328 0.694122915433
1329 0.694121831252
1330 0.694121077265
1331 0.694120176741
1332 0.694119866102
1333 0.694119861503
1334 0.694118811307
1335 0.694117428657
1336 0.694117375738
1337 0.694114751613
1338 0.694115377122
1339 0.694111637749
1340 0.694115893997
1341 0.694118142972
1342 0.694117917468
1343 0.694118592755
1344 0.694117977539
1345 0.694116984177
1346 0.69411757918
1347 0.694117395124
1348 0.694118353373
1349 0.694117905873
1350 0.694115858622
1351 0.694117274201
1352 0.694116328834
1353 0.694109109911
1354 0.694110914658
1355 0.694107126785
1356 0.694109540699
1357 0.694112878353
1358 0.694112836437
1359 0.694114118245
1360 0.69411192345
1361 0.694111528376
1362 0.694112031056
1363 0.694112242667
1364 0.694110795561
1365 0.694109210376
1366 0.694108988041
1367 0.69410818471
1368 0.694107702869
1369 0.694107113224
1370 0.694106221286
1371 0.694105038838
1372 0.694102657987
1373 0.694101736015
1374 0.694099731619
1375 0.694096768232
1376 0.694105519535
1377 0.694110094203
1378 0.694109291508
1379 0.694108466221
1380 0.69410829873
1381 0.694109273242
1382 0.694109382874
1383 0.694106813628
1384 0.694104496839
1385 0.69410153802
1386 0.694103026012
1387 0.694103667561
1388 0.694103780884
1389 0.694103162194
1390 0.694101348916
1391 0.694101245667
1392 0.694100865895
1393 0.694100332397
1394 0.694099644051
1395 0.694098584076
1396 0.69409832433
1397 0.694095805053
1398 0.694096540706
1399 0.694099092058
1400 0.694100652355
1401 0.694098845741
1402 0.694099153652
1403 0.694098586073
1404 0.694098270703
1405 0.694098938495
1406 0.694097926622
1407 0.694097249938
1408 0.694096576288
1409 0.69409609289
1410 0.694097743104
1411 0.694095913184
1412 0.694095260862
1413 0.69409657216
1414 0.69409560003
1415 0.69409474621
1416 0.694094151658
1417 0.694093489302
1418 0.694092996571
1419 0.694092254068
1420 0.694091791716
1421 0.694091047877
1422 0.694090272998
1423 0.694089791664
1424 0.694089224882
1425 0.694088213365
1426 0.69408797821
1427 0.694087711536
1428 0.694087225211
1429 0.694086548165
1430 0.694085881603
1431 0.694084845941
1432 0.694084206953
1433 0.694083106859
1434 0.694083263941
1435 0.694084697987
1436 0.694080126933
1437 0.694077872641
1438 0.694077588727
1439 0.694073460624
1440 0.694069577496
1441 0.694074589527
1442 0.69407604989
1443 0.694073548566
1444 0.694069993537
1445 0.694073831103
1446 0.69408271971
1447 0.694087559635
1448 0.694083911415
1449 0.694089446643
1450 0.694090250687
1451 0.694089663587
1452 0.694089741479
1453 0.694087442538
1454 0.694084893469
1455 0.694081053916
1456 0.694073579986
1457 0.694071008549
1458 0.694080405688
1459 0.69409571388
1460 0.694094855234
1461 0.694101806297
1462 0.694109616953
1463 0.694110953987
1464 0.694117527244
1465 0.694117814465
1466 0.694116335989
1467 0.694116842032
1468 0.694118232123
1469 0.694117344034
1470 0.694117516745
1471 0.694122219296
1472 0.694119196034
1473 0.694122195689
1474 0.694125619218
1475 0.694126133633
1476 0.694120669252
1477 0.694117130462
1478 0.694111384759
1479 0.694113406418
1480 0.69411203565
1481 0.694114234806
1482 0.694115170336
1483 0.694121601768
1484 0.694125112179
1485 0.694123602932
1486 0.694123511035
1487 0.694125408527
1488 0.694126733763
1489 0.694125799205
1490 0.694124979193
1491 0.694123894216
1492 0.694126941219
1493 0.694124499438
1494 0.694118014387
1495 0.694118138741
1496 0.694116653923
1497 0.694119522147
1498 0.694122694666
1499 0.694117853125
1500 0.694114129199
1501 0.694118982149
1502 0.694120083225
1503 0.694111739583
1504 0.694118578489
1505 0.694112753607
1506 0.694114559758
1507 0.694120197065
1508 0.694124914227
1509 0.69412273808
1510 0.694118589971
1511 0.694117730454
1512 0.694116070148
1513 0.694113468557
1514 0.69411510296
1515 0.694116035481
1516 0.694114861908
1517 0.694114105346
1518 0.694113727068
1519 0.694113172748
1520 0.694112769559
1521 0.694112146966
1522 0.694111550629
1523 0.694110750683
1524 0.694109182827
1525 0.694110184674
1526 0.694110264869
1527 0.694110252548
1528 0.69410877648
1529 0.694106511859
1530 0.694104329812
1531 0.694104961876
1532 0.694106686216
1533 0.694104570531
1534 0.694106838059
1535 0.694107179608
1536 0.694106345062
1537 0.694105282794
1538 0.69410429069
1539 0.6941040925
1540 0.69410396713
1541 0.694102708004
1542 0.694101989385
1543 0.69410106146
1544 0.694099321064
1545 0.694099266309
1546 0.694099716625
1547 0.694100275097
1548 0.694098786164
1549 0.694097952189
1550 0.694097135776
1551 0.694093709293
1552 0.694094225966
1553 0.694092919314
1554 0.694092627277
1555 0.694087960918
1556 0.694086566941
1557 0.694079399147
1558 0.694084912558
1559 0.694082574432
1560 0.694084140599
1561 0.694081757614
1562 0.694087583517
1563 0.694093037139
1564 0.694088189594
1565 0.694084386183
1566 0.694082206309
1567 0.69408154594
1568 0.694083031117
1569 0.694081643926
1570 0.694075382795
1571 0.694072062126
1572 0.694077042433
1573 0.694078386928
1574 0.694082658139
1575 0.694080363486
1576 0.694079552713
1577 0.694078115343
1578 0.694078943298
1579 0.694078872136
1580 0.694078501646
1581 0.694077248293
1582 0.694077374885
1583 0.694075677657
1584 0.694073731666
1585 0.694070849112
1586 0.694066777872
1587 0.694072914401
1588 0.694077367187
1589 0.694079590781
1590 0.694079492768
1591 0.694079306819
1592 0.694081123303
1593 0.694078803324
1594 0.694078341584
1595 0.694072003651
1596 0.694073079785
1597 0.694074044799
1598 0.694072679254
1599 0.694074655361
1600 0.694073914514
1601 0.694076577488
1602 0.694075425974
1603 0.694072552564
1604 0.694071372981
1605 0.694071066632
1606 0.694069103714
1607 0.694071116102
1608 0.69407158727
1609 0.694071428376
1610 0.694070765093
1611 0.694070031936
1612 0.694070779753
1613 0.694073462058
1614 0.694075318571
1615 0.694076697019
1616 0.694074841068
1617 0.694074548772
1618 0.694073692231
1619 0.694072952903
1620 0.694072160215
1621 0.694071964697
1622 0.69407148561
1623 0.694070402258
1624 0.694069326804
1625 0.694069408256
1626 0.694066371592
1627 0.694068394363
1628 0.694066439544
1629 0.694061610158
1630 0.694065553801
1631 0.694064232101
1632 0.694062886834
1633 0.694065798197
1634 0.694067243735
1635 0.694063332014
1636 0.694062008425
1637 0.694057487925
1638 0.69405753275
1639 0.694058348166
1640 0.694057016384
1641 0.69405143963
1642 0.694050122309
1643 0.694055269524
1644 0.694057055665
1645 0.694054299361
1646 0.694055028771
1647 0.694051842558
1648 0.69405235942
1649 0.694051645886
1650 0.694053508599
1651 0.694056235128
1652 0.694055501649
1653 0.694055603954
1654 0.694055033234
1655 0.694054660518
1656 0.694056554379
1657 0.69405436825
1658 0.694055047647
1659 0.694054293776
1660 0.694053971502
1661 0.694054882449
1662 0.694052949342
1663 0.694054589822
1664 0.694055585496
1665 0.694055106925
1666 0.694056034911
1667 0.694055375042
1668 0.694054908028
1669 0.69405372903
1670 0.694052179583
1671 0.694052210978
1672 0.694050031476
1673 0.694051729807
1674 0.694053053749
1675 0.694047697262
1676 0.694043423601
1677 0.694042137929
1678 0.694044606291
1679 0.694045303868
1680 0.694049950975
1681 0.694046830734
1682 0.694048310913
1683 0.69405045401
1684 0.694049178139
1685 0.694055491955
1686 0.694057972917
1687 0.694056572825
1688 0.694056068355
1689 0.694055594812
1690 0.694055470505
1691 0.694055247568
1692 0.694053159405
1693 0.694051519054
1694 0.694055968013
1695 0.694057664606
1696 0.694056988079
1697 0.694057992125
1698 0.69405984854
1699 0.694061259487
1700 0.694061153325
1701 0.694062328857
1702 0.694061771079
1703 0.694059258825
1704 0.694057669458
1705 0.694055073496
1706 0.694057408976
1707 0.694058413319
1708 0.694061015209
1709 0.69406015019
1710 0.694070064555
1711 0.694066620075
1712 0.694070950385
1713 0.694074921979
1714 0.694074999869
1715 0.69407280564
1716 0.694075279411
1717 0.694082085377
1718 0.6940808222
1719 0.694077884042
1720 0.6940748508
1721 0.69407241242
1722 0.69407167728
1723 0.694071238666
1724 0.694068684302
1725 0.6940675977
1726 0.694069324889
1727 0.694066971265
1728 0.69406670163
1729 0.694065524664
1730 0.694065783976
1731 0.694069404663
1732 0.694065010589
1733 0.694066759968
1734 0.694068945107
1735 0.694067452292
1736 0.694068314189
1737 0.694068299236
1738 0.69406805181
1739 0.694068435074
1740 0.694068878975
1741 0.694069460736
1742 0.694067110498
1743 0.6940674925
1744 0.694067151362
1745 0.694066042104
1746 0.694065318424
1747 0.694065004042
1748 0.694067127504
1749 0.694067789282
1750 0.694066548436
1751 0.694066282957
1752 0.694066938984
1753 0.694066463882
1754 0.694066611382
1755 0.694066112534
1756 0.694065909597
1757 0.694067212943
1758 0.694065966547
1759 0.694066345488
1760 0.694065914717
1761 0.69406564806
1762 0.694064102387
1763 0.694063981712
1764 0.694063490004
1765 0.694062676496
1766 0.694062020324
1767 0.694060883506
1768 0.694059826345
1769 0.694058674406
1770 0.694060016257
1771 0.694059595028
1772 0.694059466818
1773 0.694058775499
1774 0.69405882869
1775 0.69405748675
1776 0.69405745618
1777 0.694055655039
1778 0.694053897736
1779 0.694050944756
1780 0.694049027413
1781 0.694048910731
1782 0.694051559996
1783 0.694053804995
1784 0.694053977745
1785 0.694052751094
1786 0.694050153475
1787 0.694048238147
1788 0.694048433913
1789 0.694050754315
1790 0.694045509359
1791 0.694052465925
1792 0.69405783845
1793 0.694056265297
1794 0.694054624795
1795 0.694054847206
1796 0.694054467518
1797 0.694053900255
1798 0.694053165809
1799 0.694052790072
1800 0.694051169575
1801 0.694049904997
1802 0.694050434756
1803 0.694052579034
1804 0.694050950522
1805 0.694054392485
1806 0.694051369027
1807 0.694050221086
1808 0.694048140212
1809 0.694044510798
1810 0.694041106531
1811 0.694046395339
1812 0.6940471719
1813 0.694048533267
1814 0.694047929269
1815 0.694048938378
1816 0.694047806548
1817 0.694046271451
1818 0.694045194366
1819 0.694047398849
1820 0.69404727178
1821 0.69404606284
1822 0.694046109571
1823 0.694045468707
1824 0.694044971009
1825 0.694044653942
1826 0.694044298759
1827 0.694043967702
1828 0.694043495115
1829 0.694042855566
1830 0.694042414671
1831 0.694041233038
1832 0.694041560142
1833 0.694040937116
1834 0.694040963695
1835 0.694041029106
1836 0.694042430082
1837 0.694042418026
1838 0.694042300971
1839 0.694041526771
1840 0.694040043305
1841 0.694037499729
1842 0.694036335351
1843 0.694039462704
1844 0.694039129565
1845 0.694033492522
1846 0.69404260978
1847 0.694044690628
1848 0.694048708906
1849 0.69404858528
1850 0.694050994871
1851 0.694060101461
1852 0.694057116654
1853 0.694055539247
1854 0.694056982878
1855 0.694056947876
1856 0.694056404715
1857 0.694055827846
1858 0.694053606489
1859 0.694053669482
1860 0.694054574239
1861 0.694054012492
1862 0.694057641622
1863 0.694056469707
1864 0.694058240802
1865 0.694058510683
1866 0.694062175218
1867 0.694067799018
1868 0.694063848005
1869 0.694065884855
1870 0.694066796119
1871 0.694066728569
1872 0.694066416116
1873 0.694066158226
1874 0.694065182368
1875 0.694064522921
1876 0.694062426869
1877 0.694057716761
1878 0.694060185509
1879 0.694063089471
1880 0.694056915863
1881 0.694061329115
1882 0.694053746637
1883 0.694053733773
1884 0.694055866689
1885 0.694054914779
1886 0.694062204543
1887 0.69406311135
1888 0.694062007931
1889 0.694066522519
1890 0.694066719805
1891 0.694068928759
1892 0.694072732299
1893 0.694071522327
1894 0.694070997244
1895 0.694071014156
1896 0.694071722741
1897 0.694069952495
1898 0.694068929438
1899 0.694066594776
1900 0.694065463882
1901 0.69406612266
1902 0.69406760832
1903 0.694066450438
1904 0.69406809059
1905 0.694066247873
1906 0.694058216143
1907 0.694059344395
1908 0.694059803856
1909 0.694055476051
1910 0.694056072483
1911 0.694054152209
1912 0.694056610848
1913 0.69405639265
1914 0.694056133035
1915 0.694056632219
1916 0.69405702582
1917 0.694053790026
1918 0.694054633767
1919 0.694053512005
1920 0.694050682236
1921 0.694047363442
1922 0.694043999529
1923 0.694045892067
1924 0.694045971431
1925 0.694049029862
1926 0.694047378795
1927 0.694049281482
1928 0.69404865436
1929 0.694046598302
1930 0.694045637476
1931 0.694046186765
1932 0.694046285167
1933 0.694046425351
1934 0.694046275468
1935 0.694045827224
1936 0.694045348332
1937 0.694044559425
1938 0.694043935606
1939 0.694043991553
1940 0.694042962092
1941 0.694041426346
1942 0.694039797758
1943 0.694036319361
1944 0.694032475574
1945 0.694028279703
1946 0.694029997604
1947 0.694025153405
1948 0.694030778355
1949 0.694032213046
1950 0.69403701266
1951 0.694042645273
1952 0.694043701573
1953 0.694055196664
1954 0.694049826424
1955 0.694049306595
1956 0.694045027696
1957 0.694048438727
1958 0.694048370008
1959 0.694049067795
1960 0.694048554207
1961 0.694048310456
1962 0.694047415584
1963 0.694046388424
1964 0.694045781149
1965 0.694046315044
1966 0.694047955583
1967 0.694044200597
1968 0.694041750406
1969 0.694044723426
1970 0.694045516605
1971 0.694047187423
1972 0.694046985118
1973 0.694047090825
1974 0.694046478392
1975 0.694047409302
1976 0.694046646673
1977 0.694046404262
1978 0.694045901871
1979 0.694045329395
1980 0.694044773925
1981 0.694045746693
1982 0.694045695282
1983 0.694044575275
1984 0.69404509542
1985 0.694044980698
1986 0.694044790528
1987 0.694044043211
1988 0.694043533235
1989 0.694042944309
1990 0.694042430548
1991 0.69404139256
1992 0.694040685578
1993 0.694040288448
1994 0.694039947945
1995 0.694039336934
1996 0.694037221674
1997 0.694037519865
1998 0.694039865426
1999 0.694034935087
2000 0.694029565217
2001 0.694030396529
2002 0.694027927091
2003 0.694026881439
2004 0.694020814967
2005 0.69402835403
2006 0.694028398144
2007 0.694027505815
2008 0.694030424028
2009 0.694036819893
2010 0.694035807307
2011 0.694034763169
2012 0.694042911858
2013 0.694041850876
2014 0.694040539986
2015 0.694040645121
2016 0.69403965014
2017 0.694039000038
2018 0.694038538575
2019 0.694037999493
2020 0.694037746433
2021 0.694038337964
2022 0.694037678657
2023 0.694036870547
2024 0.694036960484
2025 0.694036839686
2026 0.694036587624
2027 0.694036049427
2028 0.694034840568
2029 0.694033996137
2030 0.694033742333
2031 0.694037110053
2032 0.694038397124
2033 0.69403647049
2034 0.694034983426
2035 0.69403679827
2036 0.694035776205
2037 0.694034340015
2038 0.694036814236
2039 0.694036995926
2040 0.694036075293
2041 0.694035760161
2042 0.694034011704
2043 0.694035176953
2044 0.694034130736
2045 0.694033048253
2046 0.694032784229
2047 0.694032111671
2048 0.694031578672
2049 0.694031301853
2050 0.694030751634
2051 0.694030329411
2052 0.694029385673
2053 0.69402853615
2054 0.694028338754
2055 0.694027952618
2056 0.69402736153
2057 0.694026525647
2058 0.69402569104
2059 0.694026218861
2060 0.694024774301
2061 0.694024479268
2062 0.694025420328
2063 0.694025964584
2064 0.694025631014
2065 0.694025643653
2066 0.69402564561
2067 0.694025483537
2068 0.69402486881
2069 0.694024171893
2070 0.694026294479
2071 0.694024751574
2072 0.694026065459
2073 0.694025505819
2074 0.69402578104
2075 0.69402520861
2076 0.694022967486
2077 0.694022860948
2078 0.694022304425
2079 0.694023132009
2080 0.694022580416
2081 0.694020322203
2082 0.694020190608
2083 0.694017078506
2084 0.694016078022
2085 0.694016042086
2086 0.694014016184
2087 0.694015682486
2088 0.694010379156
2089 0.694008768261
2090 0.694009000037
2091 0.694007320397
2092 0.694008409721
2093 0.69401023401
2094 0.694005774228
2095 0.694008274644
2096 0.69401474916
2097 0.694019057929
2098 0.694019447371
2099 0.69402047373
2100 0.694020083891
2101 0.694019767554
2102 0.694019984275
2103 0.69401918176
2104 0.694019913815
2105 0.694020133214
2106 0.694020913543
2107 0.694019913475
2108 0.694017974615
2109 0.694019003615
2110 0.69401901599
2111 0.694024148962
2112 0.694020551807
2113 0.694021214008
2114 0.694022476109
2115 0.694021902795
2116 0.694021782478
2117 0.694022035548
2118 0.694022219605
2119 0.694022195716
2120 0.694021957093
2121 0.694022915422
2122 0.694022349069
2123 0.694022546857
2124 0.694021987971
2125 0.694020122934
2126 0.694022430295
2127 0.69402032043
2128 0.694018168985
2129 0.69401853952
2130 0.694019943602
2131 0.694018436613
2132 0.694019443599
2133 0.69401658679
2134 0.694016017149
2135 0.694016107459
2136 0.69401453729
2137 0.694012913083
2138 0.694012740468
2139 0.694013016803
2140 0.694013748337
2141 0.694015246173
2142 0.694015045562
2143 0.694014173001
2144 0.694014159699
2145 0.69401617344
2146 0.69401629639
2147 0.694015953072
2148 0.694016376502
2149 0.694016505258
2150 0.694016839143
2151 0.694018687457
2152 0.694019850664
2153 0.694022082795
2154 0.694021751377
2155 0.694020769592
2156 0.694020067921
2157 0.694019653766
2158 0.694019308986
2159 0.694018857843
2160 0.694018432908
2161 0.69401794661
2162 0.694017185307
2163 0.69401679878
2164 0.69401558935
2165 0.694013185476
2166 0.694010162772
2167 0.69401299739
2168 0.694013896957
2169 0.694011573061
2170 0.694010626743
2171 0.694001173172
2172 0.69399947035
2173 0.694002653961
2174 0.694007113035
2175 0.694002374514
2176 0.693996535319
2177 0.694007958481
2178 0.694009469211
2179 0.694008781877
2180 0.694013591099
2181 0.694011051266
2182 0.694013922901
2183 0.694016883034
2184 0.69401851516
2185 0.694019113591
2186 0.694020198533
2187 0.694019845815
2188 0.694020066375
2189 0.694018464165
2190 0.694020952552
2191 0.694022823343
2192 0.694023962033
2193 0.694022598382
2194 0.694022489083
2195 0.694019923119
2196 0.69401854529
2197 0.694016686996
2198 0.694015724435
2199 0.694020014595
2200 0.694020540592
2201 0.694021920688
2202 0.694022200511
2203 0.694022665601
2204 0.694021587631
2205 0.694020434876
2206 0.694019566335
2207 0.694019203682
2208 0.694018559685
2209 0.69401842318
2210 0.694017932891
2211 0.694017274955
2212 0.694017044759
2213 0.694017241264
2214 0.694016883928
2215 0.694016482721
2216 0.694016216061
2217 0.694016483101
2218 0.694015946164
2219 0.694016544534
2220 0.694015492732
2221 0.694016563957
2222 0.694015510223
2223 0.694015358903
2224 0.694015245089
2225 0.694014990132
2226 0.694014563628
2227 0.694014471753
2228 0.694013384224
2229 0.694012669303
2230 0.694014927508
2231 0.694015157719
2232 0.694015339838
2233 0.694017136108
2234 0.69401712839
2235 0.694016662261
2236 0.694016303795
2237 0.694016020968
2238 0.694016581803
2239 0.694015578367
2240 0.694015986416
2241 0.694014350662
2242 0.69401274007
2243 0.694011923995
2244 0.694013378057
2245 0.69401494608
2246 0.694015411997
2247 0.69401576317
2248 0.694015702045
2249 0.694014983813
2250 0.694013052758
2251 0.694013577848
2252 0.694013390391
2253 0.694012764554
2254 0.694012516116
2255 0.694011743583
2256 0.694011260489
2257 0.694011299377
2258 0.694010577591
2259 0.694009570158
2260 0.694010097308
2261 0.694010461647
2262 0.694010244578
2263 0.694010134273
2264 0.694010143827
2265 0.694010633288
2266 0.694010117846
2267 0.694009667719
2268 0.694009264485
2269 0.694008869248
2270 0.694008649025
2271 0.69400816681
2272 0.694008135292
2273 0.694008397081
2274 0.694008455722
2275 0.694008597773
2276 0.694007930836
2277 0.694007784207
2278 0.694007183779
2279 0.69400695199
2280 0.694006587763
2281 0.694006162527
2282 0.694005510027
2283 0.694005843193
2284 0.69400645711
2285 0.694005297264
2286 0.694004937348
2287 0.694003863872
2288 0.694003712433
2289 0.694002779056
2290 0.694002737311
2291 0.694002724287
2292 0.693999570606
2293 0.694002929831
2294 0.694003341349
2295 0.694002813864
2296 0.694001267851
2297 0.694001781645
2298 0.694001970394
2299 0.694001232515
2300 0.694001260554
2301 0.694002180903
2302 0.69400167548
2303 0.694001305253
2304 0.694000593494
2305 0.694000760757
2306 0.694000413033
2307 0.694000930214
2308 0.694002113233
2309 0.694003558288
2310 0.694003013293
2311 0.694002616364
2312 0.694001986282
2313 0.694001506064
2314 0.694001393725
2315 0.694001139574
2316 0.694003117023
2317 0.694004796928
2318 0.69400651219
2319 0.69400517365
2320 0.694005149364
2321 0.694003950666
2322 0.694002828642
2323 0.694002222917
2324 0.694002054045
2325 0.694000988404
2326 0.694001614023
2327 0.694001584195
2328 0.694002030642
2329 0.694001512261
2330 0.694000609491
2331 0.693999916929
2332 0.693999218931
2333 0.694000157313
2334 0.693999668592
2335 0.69399902694
2336 0.693998827861
2337 0.69399921967
2338 0.693998777112
2339 0.693998456027
2340 0.693998167246
2341 0.693997826971
2342 0.693997223154
2343 0.69399722307
2344 0.693996085617
2345 0.693996752924
2346 0.693997139366
2347 0.693996771028
2348 0.693995834818
2349 0.693995385297
2350 0.693994708895
2351 0.693994366925
2352 0.693995318689
2353 0.693995187038
2354 0.693994953906
2355 0.693994565457
2356 0.693994219166
2357 0.693994258727
2358 0.693993892216
2359 0.693993789311
2360 0.693992997165
2361 0.693993630422
2362 0.69399326785
2363 0.693992950615
2364 0.693992778514
2365 0.693992767436
2366 0.693992560631
2367 0.693992231217
2368 0.69399186487
2369 0.693991508313
2370 0.69399132901
2371 0.693990434427
2372 0.693991025063
2373 0.693990762558
2374 0.693990396976
2375 0.693990228453
2376 0.693989847255
2377 0.693989414418
2378 0.69398922838
2379 0.693989522091
2380 0.693988917581
2381 0.693988491691
2382 0.693988413432
2383 0.693988137422
2384 0.693988053854
2385 0.693987689719
2386 0.693987317674
2387 0.693986775163
2388 0.693986213397
2389 0.693986676477
2390 0.693986378071
2391 0.693987458421
2392 0.693984702298
2393 0.693983977724
2394 0.693985644412
2395 0.693983243906
2396 0.693986758372
2397 0.69398433671
2398 0.69398271953
2399 0.693982844204
2400 0.693982996602
2401 0.693983460694
2402 0.693984158824
2403 0.693984190904
2404 0.693985875208
2405 0.693985819395
2406 0.693985635703
2407 0.693985267434
2408 0.693985269148
2409 0.693983813514
2410 0.69398432441
2411 0.693983083563
2412 0.693979047612
2413 0.693981432332
2414 0.693980583913
2415 0.693979736492
2416 0.693986408342
2417 0.693984915468
2418 0.693983418457
2419 0.693986335372
2420 0.693989523774
2421 0.693986117471
2422 0.693991217026
2423 0.693990740028
2424 0.6939902399
2425 0.693990644353
2426 0.693990287807
2427 0.693989992559
2428 0.693989486324
2429 0.693988562636
2430 0.693988527942
2431 0.693988316251
2432 0.693989863697
2433 0.693987974106
2434 0.693987521548
2435 0.693987877327
2436 0.693991600709
2437 0.693989655515
2438 0.693987104726
2439 0.693986623771
2440 0.693986517223
2441 0.693986770977
2442 0.693985265857
2443 0.693985843107
2444 0.693986350725
2445 0.693986767862
2446 0.693988063869
2447 0.693986867841
2448 0.693986531592
2449 0.693985797556
2450 0.693985313141
2451 0.693984964762
2452 0.693984461253
2453 0.693983888179
2454 0.693983702941
2455 0.693983270844
2456 0.693983920765
2457 0.693983626739
2458 0.693983264234
2459 0.693982769973
2460 0.693982508865
2461 0.693982486363
2462 0.693982744623
2463 0.693983261607
2464 0.693983169695
2465 0.693982368427
2466 0.693982068276
2467 0.693982557428
2468 0.693981718829
2469 0.693981393025
2470 0.693980963714
2471 0.693980270316
2472 0.693979341638
2473 0.693979446336
2474 0.693978831816
2475 0.693978183995
2476 0.693976952441
2477 0.693977419266
2478 0.693976419787
2479 0.693975393378
2480 0.693975876628
2481 0.693976389483
2482 0.693976602029
2483 0.69397613315
2484 0.693978355012
2485 0.693978130841
2486 0.693977850218
2487 0.693977794799
2488 0.693977473466
2489 0.693977089627
2490 0.693976511251
2491 0.693976187065
2492 0.693976413089
2493 0.693975948245
2494 0.693975740396
2495 0.69397470632
2496 0.693976860477
2497 0.693975115748
2498 0.693974314713
2499 0.693975249887
2500 0.693973430177
2501 0.693972279438
2502 0.693974396585
2503 0.693970832152
2504 0.69396965556
2505 0.693971971132
2506 0.693970389536
2507 0.693970340172
2508 0.693970276759
2509 0.693970562262
2510 0.693973544156
2511 0.693973343724
2512 0.693972267125
2513 0.693970240315
2514 0.693969469658
2515 0.693969739024
2516 0.693968910403
2517 0.693968618716
2518 0.69396853641
2519 0.693967895919
2520 0.693967831508
2521 0.693967571578
2522 0.693966229804
2523 0.693966153259
2524 0.693965511841
2525 0.693965899147
2526 0.693963807517
2527 0.693963099813
2528 0.693963716204
2529 0.693960478042
2530 0.693960024923
2531 0.693962273557
2532 0.693963019028
2533 0.693962975055
2534 0.693964361251
2535 0.693963911302
2536 0.693964040463
2537 0.693963323361
2538 0.693961589766
2539 0.693960309498
2540 0.693960521292
2541 0.693959610022
2542 0.693959861537
2543 0.693960808452
2544 0.69396015682
2545 0.693959889713
2546 0.693959285804
2547 0.693959416596
2548 0.69395912049
2549 0.693958624625
2550 0.693958235997
2551 0.693957853233
2552 0.693957603052
2553 0.693957279974
2554 0.693956936712
2555 0.693956612398
2556 0.693956371719
2557 0.693956137006
2558 0.693955843385
2559 0.693955471995
2560 0.69395507029
2561 0.693954694653
2562 0.69395452782
2563 0.693954326619
2564 0.69395401838
2565 0.693954517018
2566 0.693954317752
2567 0.693953802536
2568 0.6939534957
2569 0.693953266937
2570 0.693952931893
2571 0.693952318043
2572 0.693952006655
2573 0.693952666805
2574 0.69395187915
2575 0.693949649909
2576 0.69394918949
2577 0.693948112341
2578 0.693946921557
2579 0.693949227116
2580 0.693945159496
2581 0.693947475678
2582 0.693949388641
2583 0.693948581907
2584 0.693944617904
2585 0.693948219842
2586 0.693947942321
2587 0.693949170929
2588 0.693948369797
2589 0.693947114724
2590 0.693951605508
2591 0.693952137213
2592 0.693950511041
2593 0.693949533111
2594 0.693948266226
2595 0.693947151533
2596 0.693944638286
2597 0.693944918618
2598 0.693945073242
2599 0.693943618788
2600 0.693947145225
2601 0.693948688734
2602 0.693952232382
2603 0.693952619549
2604 0.693951590482
2605 0.693951586737
2606 0.693951287259
2607 0.693950967783
2608 0.693951265777
2609 0.69395096873
2610 0.693950435797
2611 0.693949053974
2612 0.693948426331
2613 0.693947971825
2614 0.693948143208
2615 0.693949724579
2616 0.69395064613
2617 0.693948944895
2618 0.693950109693
2619 0.693952042956
2620 0.693952074673
2621 0.693951991021
2622 0.693951793472
2623 0.693951590645
2624 0.693951200417
2625 0.693951307025
2626 0.693951472634
2627 0.693950863643
2628 0.69395104945
2629 0.693951289463
2630 0.693950614042
2631 0.693949938953
2632 0.69395021298
2633 0.69394815776
2634 0.693947985525
2635 0.693946177188
2636 0.693945769858
2637 0.693945353911
2638 0.693944953752
2639 0.693945790624
2640 0.693946223578
2641 0.693947019697
2642 0.693949595032
2643 0.693947627847
2644 0.693948309566
2645 0.693948094852
2646 0.693948926816
2647 0.69394874449
2648 0.693948432494
2649 0.693948069721
2650 0.693947178379
2651 0.693948586759
2652 0.693947723012
2653 0.693947531648
2654 0.693947397989
2655 0.693949431697
2656 0.693948118746
2657 0.693945946888
2658 0.693945843862
2659 0.693945767019
2660 0.693948340031
2661 0.693947619665
2662 0.693947990788
2663 0.693949168844
2664 0.693949547337
2665 0.693949148003
2666 0.693948749058
2667 0.693948482511
2668 0.693947980827
2669 0.693947840786
2670 0.693947962477
2671 0.69394807783
2672 0.693947938556
2673 0.69394805303
2674 0.693947773826
2675 0.693947194425
2676 0.693947538605
2677 0.693945427053
2678 0.693945593868
2679 0.693947017949
2680 0.693951401036
2681 0.693955118846
2682 0.693955308237
2683 0.693954860467
2684 0.69395443816
2685 0.693954671352
2686 0.693954429708
2687 0.693954226561
2688 0.693954655121
2689 0.693955282429
2690 0.69395529896
2691 0.693953806853
2692 0.693952425789
2693 0.693952393514
2694 0.693952444776
2695 0.693952553593
2696 0.693952410982
2697 0.693949704483
2698 0.693950588723
2699 0.69394781148
2700 0.693949733254
2701 0.693951700238
2702 0.693952421017
2703 0.693951675305
2704 0.693952491918
2705 0.693953391828
2706 0.693952568043
2707 0.693952762834
2708 0.693951782396
2709 0.693950803275
2710 0.69395059578
2711 0.69394940162
2712 0.693949861453
2713 0.693949921744
2714 0.693950630047
2715 0.693950352068
2716 0.693949087187
2717 0.69394843527
2718 0.69394860361
2719 0.693949690242
2720 0.693949408191
2721 0.693949187179
2722 0.693948840749
2723 0.693948541663
2724 0.693948361721
2725 0.693948217376
2726 0.693947767835
2727 0.693947456143
2728 0.69394693732
2729 0.69394664081
2730 0.693946656924
2731 0.693946694822
2732 0.693946307738
2733 0.693946295789
2734 0.693946562628
2735 0.693946348471
2736 0.693946115349
2737 0.693945241462
2738 0.693944432823
2739 0.69394108603
2740 0.693941869187
2741 0.693939707842
2742 0.69393898243
2743 0.693940205755
2744 0.693940251078
2745 0.693938923464
2746 0.693943013701
2747 0.693943243685
2748 0.693942695368
2749 0.693943610993
2750 0.693945160891
2751 0.693946562209
2752 0.693948364479
2753 0.693947065651
2754 0.693948802498
2755 0.693945921795
2756 0.69394895416
2757 0.693949128057
2758 0.69394892398
2759 0.693948786177
2760 0.693948386265
2761 0.693948059281
2762 0.693947538383
2763 0.693948518221
2764 0.693947357791
2765 0.693948342092
2766 0.693949426431
2767 0.693947082482
2768 0.693947189764
2769 0.693947046522
2770 0.693945517483
2771 0.693946023309
2772 0.693946244374
2773 0.693947960403
2774 0.693947278014
2775 0.693947334154
2776 0.693946914532
2777 0.693945978467
2778 0.693946696177
2779 0.693945574117
2780 0.69394462782
2781 0.693944245277
2782 0.693943846988
2783 0.693943905098
2784 0.693942883605
2785 0.693942832951
2786 0.69394278383
2787 0.693942933847
2788 0.693943059543
2789 0.693942962795
2790 0.693943220371
2791 0.693942670366
2792 0.693942503011
2793 0.693942292511
2794 0.693942010851
2795 0.693941846767
2796 0.693941877832
2797 0.693941657696
2798 0.693941058794
2799 0.693940767135
2800 0.693940414058
2801 0.69394093101
2802 0.693941064086
2803 0.693940801538
2804 0.693940768395
2805 0.693940389628
2806 0.693940506973
2807 0.693940105474
2808 0.693939873993
2809 0.693939459727
2810 0.693938486901
2811 0.693937477313
2812 0.693936598055
2813 0.693938446282
2814 0.693937197248
2815 0.693936807823
2816 0.693936727806
2817 0.693938452335
2818 0.693938318467
2819 0.693935925022
2820 0.693936769779
2821 0.693935901391
2822 0.693934591957
2823 0.693934654991
2824 0.693935191526
2825 0.693934791829
2826 0.693933964492
2827 0.693934173572
2828 0.693933388672
2829 0.693932984448
2830 0.693932398769
2831 0.69393340555
2832 0.693933321716
2833 0.69393238726
2834 0.693933145521
2835 0.69393296254
2836 0.693932659386
2837 0.693932066655
2838 0.693932099173
2839 0.693932150703
2840 0.693930886279
2841 0.693930255222
2842 0.693931739912
2843 0.69392965734
2844 0.693929275917
2845 0.69392925903
2846 0.69393034707
2847 0.693932528744
2848 0.693932496045
2849 0.693931521094
2850 0.693929212589
2851 0.693928805842
2852 0.693927566231
2853 0.693927476957
2854 0.693928890554
2855 0.693927368321
2856 0.693926679116
2857 0.6939268415
2858 0.693923972503
2859 0.693923271203
2860 0.69392291677
2861 0.693922562503
2862 0.693924055414
2863 0.693923330632
2864 0.693922266536
2865 0.693923700151
2866 0.693926036129
2867 0.693923373872
2868 0.693925104456
2869 0.69392580905
2870 0.693925880339
2871 0.693925179147
2872 0.693924868289
2873 0.693924593175
2874 0.693924304133
2875 0.693924356278
2876 0.693924452142
2877 0.693924116728
2878 0.693923718671
2879 0.693923547243
2880 0.693923269366
2881 0.693923303561
2882 0.693923028277
2883 0.693922846311
2884 0.693922478157
2885 0.693921970623
2886 0.693921456463
2887 0.693920833376
2888 0.693921443293
2889 0.693921243423
2890 0.693921452223
2891 0.693921665083
2892 0.693921444142
2893 0.693921585452
2894 0.693921505828
2895 0.69392151719
2896 0.693921532617
2897 0.693921347747
2898 0.693921053623
2899 0.6939204565
2900 0.693920479524
2901 0.693920269578
2902 0.693919659113
2903 0.693918434344
2904 0.69391838704
2905 0.69391952292
2906 0.69391958782
2907 0.693919662555
2908 0.693922504337
2909 0.693924348399
2910 0.693924894922
2911 0.693925228686
2912 0.693923988336
2913 0.693923988507
2914 0.693923165357
2915 0.693922592186
2916 0.693922073681
2917 0.693921732016
2918 0.693921368205
2919 0.693920989947
2920 0.69392114641
2921 0.693920366084
2922 0.69392057771
2923 0.693920198609
2924 0.693920572904
2925 0.693920462794
2926 0.693920423319
2927 0.693920791231
2928 0.693920509711
2929 0.693920256701
2930 0.693920630149
2931 0.693919829709
2932 0.693919922685
2933 0.693919685985
2934 0.693919587684
2935 0.693919080703
2936 0.693918708843
2937 0.69391833827
2938 0.693918418016
2939 0.693918657181
2940 0.69391814084
2941 0.693917777974
2942 0.693917434839
2943 0.693917721085
2944 0.693918032962
2945 0.6939177189
2946 0.693917433488
2947 0.693916959286
2948 0.693917517906
2949 0.693917268515
2950 0.693917384434
2951 0.693916678489
2952 0.693916553628
2953 0.693916800544
2954 0.693916652126
2955 0.693916739243
2956 0.693916411044
2957 0.69391624832
2958 0.693915986197
2959 0.693915880854
2960 0.693915536439
2961 0.693914984506
2962 0.693915136292
2963 0.693915194285
2964 0.693914959181
2965 0.69391333659
2966 0.69391295128
2967 0.693912984909
2968 0.693911480358
2969 0.693911891232
2970 0.69390785983
2971 0.69390821836
2972 0.693904309853
2973 0.69390409307
2974 0.693901272421
2975 0.693905524148
2976 0.693908134202
2977 0.693913331782
2978 0.693909698543
2979 0.693909081877
2980 0.693906732171
2981 0.693908357145
2982 0.693904976756
2983 0.693909143635
2984 0.69391093306
2985 0.693905425427
2986 0.693905160924
2987 0.693904876928
2988 0.693905795965
2989 0.6939058497
2990 0.693903817177
2991 0.693903787848
2992 0.693902206668
2993 0.693902456251
2994 0.693903574601
2995 0.693904263712
2996 0.693905442426
2997 0.693904294977
2998 0.693903818712
2999 0.693904241105
3000 0.693904159229
3001 0.693903379663
3002 0.693903181619
3003 0.693902063108
3004 0.69390069286
3005 0.693904872585
3006 0.693902733618
3007 0.693903142527
3008 0.693898531043
3009 0.693901071695
3010 0.69390049841
3011 0.693899948402
3012 0.693898752445
3013 0.693896872818
3014 0.69390131413
3015 0.693901488691
3016 0.693903564992
3017 0.693906637416
3018 0.693905446201
3019 0.693905759647
3020 0.693902061815
3021 0.693902178287
3022 0.69390186905
3023 0.693903903009
3024 0.693902693228
3025 0.69390281375
3026 0.693902621755
3027 0.6939028334
3028 0.693903250952
3029 0.693902884773
3030 0.693902586699
3031 0.693901823544
3032 0.693901597412
3033 0.693901219628
3034 0.693902147995
3035 0.693901801573
3036 0.69390052239
3037 0.693899873902
3038 0.693902132699
3039 0.693898904029
3040 0.693895527169
3041 0.693893979189
3042 0.693892331998
3043 0.693889539752
3044 0.693890718502
3045 0.693886379916
3046 0.693883829247
3047 0.693886347017
3048 0.693885222033
3049 0.693886468997
3050 0.693883772797
3051 0.693887482679
3052 0.69388794448
3053 0.693889087177
3054 0.693888644638
3055 0.693889511408
3056 0.693890868565
3057 0.693889690038
3058 0.693891166705
3059 0.693890965491
3060 0.693888689521
3061 0.693886918153
3062 0.69388761374
3063 0.693890033304
3064 0.693889198937
3065 0.693889783786
3066 0.69388883204
3067 0.6938884186
3068 0.693888172376
3069 0.693887854496
3070 0.693887626609
3071 0.693887427449
3072 0.693887035912
3073 0.693886674548
3074 0.693886704464
3075 0.693886770577
3076 0.693885550799
3077 0.693884947127
3078 0.693884411815
3079 0.693882992941
3080 0.693882897337
3081 0.693883787998
3082 0.693883457472
3083 0.693884900688
3084 0.69388319621
3085 0.693885367738
3086 0.693885386608
3087 0.693886275427
3088 0.693886468271
3089 0.693885890045
3090 0.693887067975
3091 0.693886190229
3092 0.693886125701
3093 0.693885921045
3094 0.693885614914
3095 0.693885364505
3096 0.693885114084
3097 0.693884747174
3098 0.69388473734
3099 0.693884189821
3100 0.69388409266
3101 0.693883940184
3102 0.693883615945
3103 0.693884301604
3104 0.693884062671
3105 0.693883605469
3106 0.693883048709
3107 0.693883438023
3108 0.693883191987
3109 0.693882851643
3110 0.693882597638
3111 0.693882338588
3112 0.693882086922
3113 0.693881930299
3114 0.693881674888
3115 0.693881623457
3116 0.693881437206
3117 0.693881140144
3118 0.693880686339
3119 0.693880313501
3120 0.693880068324
3121 0.693878561487
3122 0.693877909968
3123 0.693878006691
3124 0.693876629601
3125 0.693874742633
3126 0.693873347015
3127 0.693872705807
3128 0.693873576994
3129 0.693870844304
3130 0.693874376493
3131 0.693873826229
3132 0.693873890569
3133 0.693875191561
3134 0.69387404297
3135 0.693874649437
3136 0.693874069791
3137 0.693876189685
3138 0.693878592637
3139 0.693879735413
3140 0.693880212816
3141 0.693879895401
3142 0.693880278329
3143 0.693879224929
3144 0.693879155154
3145 0.69387876546
3146 0.693878808058
3147 0.693878653619
3148 0.693878329531
3149 0.693878927079
3150 0.693880406742
3151 0.693880822264
3152 0.693880495404
3153 0.693880291569
3154 0.693880078853
3155 0.693879607645
3156 0.6938797318
3157 0.693879911234
3158 0.693879953439
3159 0.693880013424
3160 0.693879730224
3161 0.69387940856
3162 0.693880005573
3163 0.69388005452
3164 0.693879485281
3165 0.693879146498
3166 0.693879114592
3167 0.693878776309
3168 0.693879857391
3169 0.693880265293
3170 0.693879284249
3171 0.693879624389
3172 0.693879620326
3173 0.69388165116
3174 0.69388380963
3175 0.693881526514
3176 0.693881482946
3177 0.693881613455
3178 0.693881510601
3179 0.693881441775
3180 0.693881042271
3181 0.693881260495
3182 0.69388106646
3183 0.693879322509
3184 0.693877956351
3185 0.693879612141
3186 0.693878617319
3187 0.693879613669
3188 0.693881077952
3189 0.693882564411
3190 0.693881923224
3191 0.693880112342
3192 0.693882570329
3193 0.693882303848
3194 0.693882986134
3195 0.693882074314
3196 0.693882503918
3197 0.693882832179
3198 0.69388298524
3199 0.693882415257
3200 0.693882593249
3201 0.693882322885
3202 0.693882060207
3203 0.693881633911
3204 0.693881907701
3205 0.693881870896
3206 0.69388080645
3207 0.693881556243
3208 0.693880746839
3209 0.693881670653
3210 0.693878793542
3211 0.693877620221
3212 0.693876657221
3213 0.693878554248
3214 0.693879067805
3215 0.693877297458
3216 0.693879363976
3217 0.693881720897
3218 0.693882094569
3219 0.693882060662
3220 0.693881962378
3221 0.69388182255
3222 0.693882586329
3223 0.693883411771
3224 0.693883162044
3225 0.693882861384
3226 0.693883074966
3227 0.693881483437
3228 0.69388311782
3229 0.693883917354
3230 0.693883316486
3231 0.69388148622
3232 0.693881864855
3233 0.693881240998
3234 0.693880247259
3235 0.693883402386
3236 0.693883125562
3237 0.693884547439
3238 0.693883006074
3239 0.693881824944
3240 0.693882333831
3241 0.693881765366
3242 0.693880968336
3243 0.693880840125
3244 0.693880912133
3245 0.693882146718
3246 0.693882283428
3247 0.693881842358
3248 0.693881679348
3249 0.693881581508
3250 0.693881193277
3251 0.693882124762
3252 0.693881914995
3253 0.693881961141
3254 0.693882522642
3255 0.693882207649
3256 0.693881525816
3257 0.6938813974
3258 0.693880732402
3259 0.693881145778
3260 0.693881106994
3261 0.69388103666
3262 0.693880962551
3263 0.693880679798
3264 0.693880409742
3265 0.693880038691
3266 0.693880011063
3267 0.693880061917
3268 0.693879442173
3269 0.693878865698
3270 0.693879103686
3271 0.693879390149
3272 0.69388009651
3273 0.693879500004
3274 0.693878758154
3275 0.693878329426
3276 0.693878850596
3277 0.693878925487
3278 0.693879000659
3279 0.693878475431
3280 0.693878243497
3281 0.69387796592
3282 0.693877766745
3283 0.69387747204
3284 0.693876586022
3285 0.693876760803
3286 0.693875317085
3287 0.693874997071
3288 0.693877274231
3289 0.693876305576
3290 0.693876055174
3291 0.693877033772
3292 0.693876435682
3293 0.693879152564
3294 0.693877346183
3295 0.693876320605
3296 0.693877241378
3297 0.693878441669
3298 0.69387883405
3299 0.693878214486
3300 0.693876569197
3301 0.693876725645
3302 0.6938745535
3303 0.693873530096
3304 0.693875224706
3305 0.693874888433
3306 0.693873000048
3307 0.693872911808
3308 0.693873794121
3309 0.693872540325
3310 0.69387268039
3311 0.69387279719
3312 0.693873522867
3313 0.693873739757
3314 0.69387309945
3315 0.693872398469
3316 0.693871858431
3317 0.693871545856
3318 0.693871229519
3319 0.693870346625
3320 0.693871464869
3321 0.69387172124
3322 0.693871252873
3323 0.69387135245
3324 0.693871190781
3325 0.693871004461
3326 0.69387081467
3327 0.693870351059
3328 0.693869858918
3329 0.693868661947
3330 0.6938692424
3331 0.693870197807
3332 0.693867849867
3333 0.693868319164
3334 0.693869452927
3335 0.69386858511
3336 0.693867701987
3337 0.693870184127
3338 0.693872459655
3339 0.693871424762
3340 0.693870684159
3341 0.693869829642
3342 0.693870638146
3343 0.693871616782
3344 0.693871585991
3345 0.693871377919
3346 0.693871685327
3347 0.693871639678
3348 0.693871524538
3349 0.693871324151
3350 0.693871236851
3351 0.693870793237
3352 0.693869606207
3353 0.693867472999
3354 0.693866945948
3355 0.693866619265
3356 0.693865365914
3357 0.693865127227
3358 0.693864519502
3359 0.693865784045
3360 0.693870088877
3361 0.693872336491
3362 0.693873073404
3363 0.693873253911
3364 0.693876201738
3365 0.693876186086
3366 0.693878062461
3367 0.693878356624
3368 0.693878110473
3369 0.693877511049
3370 0.693877195276
3371 0.693877855672
3372 0.693877249258
3373 0.693877762178
3374 0.693878397712
3375 0.693877368071
3376 0.693876788995
3377 0.693879219856
3378 0.693879150769
3379 0.693881519994
3380 0.693880436195
3381 0.69388208863
3382 0.693881923459
3383 0.693885098641
3384 0.693886065377
3385 0.693886973628
3386 0.693887130398
3387 0.693886653134
3388 0.693886200775
3389 0.693885937236
3390 0.69388573265
3391 0.693886154823
3392 0.693885720149
3393 0.693886292265
3394 0.693885953753
3395 0.693885640468
3396 0.693885206316
3397 0.693884704957
3398 0.693884638644
3399 0.693883944715
3400 0.693883745644
3401 0.693882940413
3402 0.69388320873
3403 0.693882028133
3404 0.693881200624
3405 0.693884558088
3406 0.69388397593
3407 0.693883143313
3408 0.693882588051
3409 0.693880978131
3410 0.693883402576
3411 0.693883332338
3412 0.69388417556
3413 0.693886207378
3414 0.693886643465
3415 0.693886471768
3416 0.693886391245
3417 0.693886237667
3418 0.69388512707
3419 0.693885492372
3420 0.693885802125
3421 0.693885481162
3422 0.693886492411
3423 0.693886456297
3424 0.693887481289
3425 0.693888145793
3426 0.693887155502
3427 0.693886632854
3428 0.693886105765
3429 0.693885588194
3430 0.693884562904
3431 0.693886437772
3432 0.693884421638
3433 0.69388457947
3434 0.693884727736
3435 0.693884230239
3436 0.693883189445
3437 0.693883170788
3438 0.693884428572
3439 0.693885424889
3440 0.693884633908
3441 0.693884592168
3442 0.693884444399
3443 0.693884286298
3444 0.69388444704
3445 0.693884816027
3446 0.693884423445
3447 0.693884934599
3448 0.693885050396
3449 0.693884802435
3450 0.693884500107
3451 0.693884270216
3452 0.693884052196
3453 0.693883745016
3454 0.693883417174
3455 0.693882870988
3456 0.693882096131
3457 0.693880959027
3458 0.693879320188
3459 0.693878173449
3460 0.693876165784
3461 0.693873863131
3462 0.693873328726
3463 0.693870554224
3464 0.693870832617
3465 0.693868460679
3466 0.693875020369
3467 0.693876410026
3468 0.693878536061
3469 0.693880599445
3470 0.693883954002
3471 0.693884957959
3472 0.693889478511
3473 0.693888976355
3474 0.693894031048
3475 0.693898588899
3476 0.693898264948
3477 0.693897238763
3478 0.693897187144
3479 0.693896891228
3480 0.69389656877
3481 0.693896020438
3482 0.693895758995
3483 0.693895919075
3484 0.693895773207
3485 0.693894737747
3486 0.693899856193
3487 0.693901389308
3488 0.693904357487
3489 0.693904727868
3490 0.693902874413
3491 0.693904291433
3492 0.69390441395
3493 0.693906391987
3494 0.693906343086
3495 0.693905609918
3496 0.693904804628
3497 0.693904734684
3498 0.693904777805
3499 0.693904704162
3500 0.693904504712
3501 0.693903794941
3502 0.693904461995
3503 0.693904899265
3504 0.693905725901
3505 0.693906628433
3506 0.693906308954
3507 0.693906492185
3508 0.693904291805
3509 0.693904223401
3510 0.693903408679
3511 0.693903371878
3512 0.693902250083
3513 0.693902819721
3514 0.693901928475
3515 0.693901353084
3516 0.693903208914
3517 0.693902062296
3518 0.693898702352
3519 0.693899923732
3520 0.693902078524
3521 0.693901229419
3522 0.693901999055
3523 0.693901441154
3524 0.693900238876
3525 0.693901201608
3526 0.693901805811
3527 0.693901777926
3528 0.693901015953
3529 0.693900699724
3530 0.693900143043
3531 0.693900496308
3532 0.693900078341
3533 0.693900098015
3534 0.693899936369
3535 0.693899446466
3536 0.693898601538
3537 0.693899322375
3538 0.693899362075
3539 0.693898447708
3540 0.693899926376
3541 0.693899846292
3542 0.693899755168
3543 0.693901606863
3544 0.693901482355
3545 0.693901309927
3546 0.693900533922
3547 0.693900336525
3548 0.693900184535
3549 0.69390001893
3550 0.693899961248
3551 0.693899791335
3552 0.693899689528
3553 0.693899413224
3554 0.693899326083
3555 0.693899589847
3556 0.693899079692
3557 0.693898869522
3558 0.693898586367
3559 0.69389852704
3560 0.693898464649
3561 0.693898307464
3562 0.693897975451
3563 0.693897928052
3564 0.693897727261
3565 0.693897478713
3566 0.693897232844
3567 0.693896966698
3568 0.693896562588
3569 0.693896582631
3570 0.693896193092
3571 0.69389634405
3572 0.693895190596
3573 0.69389486528
3574 0.693894730264
3575 0.693894417244
3576 0.693893035281
3577 0.693894406032
3578 0.693892384048
3579 0.693892347879
3580 0.693894061121
3581 0.693895460473
3582 0.693895150256
3583 0.693895322986
3584 0.693893982925
3585 0.69389405338
3586 0.693892293449
3587 0.693893509332
3588 0.693893708121
3589 0.693892793768
3590 0.69389219297
3591 0.693891599393
3592 0.693891746683
3593 0.693892139027
3594 0.693891590146
3595 0.693891980492
3596 0.69389156179
3597 0.693890955413
3598 0.693890611888
3599 0.693890849998
3600 0.693890670047
3601 0.693890927898
3602 0.693890690406
3603 0.693890658438
3604 0.693890750259
3605 0.693890771665
3606 0.69389023996
3607 0.693890372824
3608 0.693890524888
3609 0.693890359742
3610 0.693890961278
3611 0.693890908331
3612 0.693889927937
3613 0.693890055504
3614 0.693890056636
3615 0.693889915712
3616 0.693889818981
3617 0.693889656997
3618 0.693889439897
3619 0.693889293371
3620 0.693889228556
3621 0.693888968555
3622 0.693888591743
3623 0.693888073906
3624 0.693887065641
3625 0.693887895089
3626 0.693887579398
3627 0.693886628257
3628 0.693885374148
3629 0.693884832143
3630 0.693885330358
3631 0.693886482407
3632 0.693885650167
3633 0.693884208544
3634 0.693883958414
3635 0.693884695242
3636 0.693882828349
3637 0.69388394401
3638 0.693881728928
3639 0.693882893452
3640 0.693882650676
3641 0.69388107971
3642 0.693882507853
3643 0.693881281759
3644 0.693882931587
3645 0.69388470052
3646 0.693885431474
3647 0.69388452517
3648 0.693883431631
3649 0.693882993068
3650 0.693883693062
3651 0.693883397069
3652 0.693882681232
3653 0.693882763565
3654 0.693882783705
3655 0.693882560769
3656 0.693882305015
3657 0.693882213257
3658 0.693881309775
3659 0.693880873283
3660 0.693881216514
3661 0.693881687654
3662 0.693880751343
3663 0.69388023663
3664 0.693879475893
3665 0.693877887154
3666 0.693878201574
3667 0.693879834406
3668 0.693879577421
3669 0.693879931954
3670 0.693880891352
3671 0.693883389072
3672 0.693883550547
3673 0.693883421633
3674 0.693882733965
3675 0.693882353709
3676 0.693881420976
3677 0.69388107556
3678 0.693881018812
3679 0.693880906863
3680 0.693880700184
3681 0.693880563291
3682 0.693879843697
3683 0.693879205406
3684 0.693880028689
3685 0.693879828156
3686 0.693879819948
3687 0.693879109838
3688 0.693878467004
3689 0.693878382477
3690 0.693878457754
3691 0.693878291116
3692 0.693879442537
3693 0.693878810504
3694 0.693878589673
3695 0.693878262945
3696 0.693878246669
3697 0.693878066047
3698 0.693877806323
3699 0.693877588672
3700 0.693877387163
3701 0.693877190062
3702 0.693876954999
3703 0.693876762257
3704 0.693876573801
3705 0.693876363703
3706 0.693876083694
3707 0.693875786251
3708 0.693875279652
3709 0.693875091015
3710 0.6938747984
3711 0.693874504963
3712 0.693875657687
3713 0.693875345047
3714 0.693874291424
3715 0.693873192349
3716 0.69387269793
3717 0.69387216939
3718 0.693873451598
3719 0.693872384006
3720 0.693871294722
3721 0.693871026187
3722 0.693869919361
3723 0.693867551317
3724 0.693868005324
3725 0.693868500791
3726 0.693868658659
3727 0.69386735138
3728 0.693868303465
3729 0.693869222393
3730 0.693870428356
3731 0.693868569079
3732 0.693868033805
3733 0.693867777766
3734 0.693866682356
3735 0.693865593403
3736 0.693865040135
3737 0.693867881248
3738 0.693869104628
3739 0.693870054544
3740 0.693869319519
3741 0.693869360289
3742 0.693869833111
3743 0.693869614639
3744 0.693869486065
3745 0.693869989709
3746 0.693870108065
3747 0.693869498299
3748 0.693868312749
3749 0.693869918791
3750 0.693870290713
3751 0.693870406526
3752 0.693871714371
3753 0.693871745577
3754 0.693871323913
3755 0.693871582532
3756 0.693871870458
3757 0.693871736875
3758 0.693871412102
3759 0.693871443227
3760 0.693871773595
3761 0.693871336516
3762 0.693872143115
3763 0.693872984471
3764 0.693872874524
3765 0.693873442254
3766 0.693873455077
3767 0.693872647348
3768 0.693872479758
3769 0.693872206518
3770 0.693871534225
3771 0.693871436149
3772 0.693871641788
3773 0.693871856352
3774 0.693871601228
3775 0.693871331512
3776 0.693871132747
3777 0.693870911748
3778 0.693870659747
3779 0.693870342314
3780 0.69387028054
3781 0.693869899468
3782 0.693869946622
3783 0.693870393878
3784 0.693870325841
3785 0.693871089345
3786 0.693871073808
3787 0.693871260649
3788 0.693871091808
3789 0.693870848543
3790 0.693870075238
3791 0.693871381209
3792 0.693870901009
3793 0.693868859055
3794 0.693871215697
3795 0.693869567395
3796 0.69387021368
3797 0.693868728893
3798 0.693868508791
3799 0.69386796018
3800 0.693867080057
3801 0.693865444443
3802 0.693866482557
3803 0.69386871333
3804 0.69386856794
3805 0.693869840078
3806 0.693871668248
3807 0.693873172375
3808 0.693873598792
3809 0.693871887556
3810 0.693872310395
3811 0.693872457865
3812 0.693871933927
3813 0.69387196224
3814 0.693871773992
3815 0.693871565272
3816 0.693872014281
3817 0.693872133932
3818 0.693872158878
3819 0.693871880483
3820 0.69387169873
3821 0.693871618799
3822 0.693871581629
3823 0.693871326215
3824 0.693870680208
3825 0.693870415332
3826 0.693870083218
3827 0.693869969984
3828 0.693869791335
3829 0.69386921788
3830 0.693869477836
3831 0.693869213813
3832 0.693868590232
3833 0.693867682291
3834 0.693867532013
3835 0.693866913352
3836 0.693867000901
3837 0.693868060886
3838 0.693867764705
3839 0.693868382756
3840 0.693867748524
3841 0.693867746118
3842 0.693867419928
3843 0.693867257324
3844 0.693867199241
3845 0.693867193121
3846 0.693867509896
3847 0.693867295609
3848 0.693867101565
3849 0.693866956389
3850 0.693866696521
3851 0.693866392209
3852 0.693866120231
3853 0.693865994221
3854 0.693866034689
3855 0.693866088074
3856 0.693866060671
3857 0.693865851441
3858 0.693865491693
3859 0.693865170426
3860 0.693864914751
3861 0.693864841849
3862 0.693864470561
3863 0.693864512317
3864 0.693864032553
3865 0.693863788202
3866 0.693863867665
3867 0.693863785994
3868 0.693863943724
3869 0.693863768279
3870 0.693863600901
3871 0.693863405146
3872 0.693863312157
3873 0.693862787214
3874 0.693862392825
3875 0.693862372538
3876 0.693861972403
3877 0.693861689809
3878 0.693862124813
3879 0.693861113412
3880 0.693861307925
3881 0.693861034575
3882 0.693861278759
3883 0.693860818549
3884 0.693860179148
3885 0.693860809872
3886 0.693861199171
3887 0.693860450629
3888 0.693859850373
3889 0.69385941689
3890 0.693860572413
3891 0.693860774234
3892 0.693859956272
3893 0.693859513748
3894 0.693859102255
3895 0.693859009512
3896 0.693858937771
3897 0.693858326919
3898 0.693858149985
3899 0.693858036078
3900 0.693857688563
3901 0.693857516771
3902 0.693856998037
3903 0.693857809086
3904 0.69385834395
3905 0.69385818233
3906 0.693857983186
3907 0.693857891472
3908 0.693857976941
3909 0.693857830992
3910 0.693857630221
3911 0.693857529183
3912 0.693857849162
3913 0.693857648632
3914 0.693857277734
3915 0.693857285947
3916 0.693856631504
3917 0.693856878677
3918 0.693855180595
3919 0.693855921209
3920 0.693856337109
3921 0.693857064073
3922 0.693858512439
3923 0.693856179046
3924 0.693856864355
3925 0.693855215109
3926 0.693854469545
3927 0.693853962294
3928 0.693853976754
3929 0.693853996455
3930 0.693853500614
3931 0.6938551817
3932 0.693854934488
3933 0.693854440331
3934 0.693853032301
3935 0.693853641959
3936 0.693853137576
3937 0.693853071645
3938 0.693852805583
3939 0.693853076778
3940 0.693851650638
3941 0.69385286892
3942 0.693852855958
3943 0.693853553604
3944 0.693854012749
3945 0.693853831252
3946 0.69385390462
3947 0.693853818763
3948 0.693853813716
3949 0.693853551315
3950 0.693854049184
3951 0.693854509593
3952 0.693855011641
3953 0.693855126789
3954 0.693854852618
3955 0.693854904527
3956 0.693854882617
3957 0.693855979426
3958 0.693854946956
3959 0.693854671687
3960 0.693856371785
3961 0.693855874726
3962 0.693856614484
3963 0.69385661066
3964 0.69385679407
3965 0.693856328726
3966 0.6938554473
3967 0.693854035104
3968 0.693854146744
3969 0.693854671867
3970 0.693853819709
3971 0.693853720107
3972 0.693853438381
3973 0.693852611085
3974 0.693851397382
3975 0.693852542272
3976 0.693850888644
3977 0.693850401015
3978 0.693850132157
3979 0.693848683726
3980 0.693847646788
3981 0.693848817328
3982 0.693850328253
3983 0.693850361873
3984 0.69385010378
3985 0.69385110674
3986 0.693852642798
3987 0.693852551558
3988 0.693851284453
3989 0.693850623023
3990 0.69385045616
3991 0.693850784389
3992 0.69385060624
3993 0.693850747185
3994 0.693850645076
3995 0.693850538528
3996 0.693850885369
3997 0.693850582036
3998 0.693850128553
3999 0.693849956945
