0 0.612500011921
1 0.637499988079
2 0.600000023842
3 0.587499976158
4 0.487500011921
5 0.5
6 0.512499988079
7 0.600000023842
8 0.512499988079
9 0.41249999404
10 0.487500011921
11 0.5
12 0.537500023842
13 0.487500011921
14 0.40000000596
15 0.537500023842
16 0.47499999404
17 0.550000011921
18 0.487500011921
19 0.600000023842
20 0.512499988079
21 0.487500011921
22 0.47499999404
23 0.425000011921
24 0.512499988079
25 0.425000011921
26 0.587499976158
27 0.46250000596
28 0.41249999404
29 0.46250000596
30 0.46250000596
31 0.5
32 0.512499988079
33 0.47499999404
34 0.5
35 0.524999976158
36 0.512499988079
37 0.47499999404
38 0.574999988079
39 0.524999976158
40 0.537500023842
41 0.537500023842
42 0.4375
43 0.487500011921
44 0.5625
45 0.550000011921
46 0.600000023842
47 0.34999999404
48 0.550000011921
49 0.512499988079
50 0.574999988079
51 0.41249999404
52 0.487500011921
53 0.449999988079
54 0.512499988079
55 0.512499988079
56 0.47499999404
57 0.512499988079
58 0.4375
59 0.524999976158
60 0.550000011921
61 0.5625
62 0.46250000596
63 0.47499999404
64 0.512499988079
65 0.524999976158
66 0.512499988079
67 0.4375
68 0.487500011921
69 0.449999988079
70 0.550000011921
71 0.574999988079
72 0.5
73 0.4375
74 0.537500023842
75 0.5
76 0.46250000596
77 0.550000011921
78 0.4375
79 0.524999976158
80 0.524999976158
81 0.5
82 0.550000011921
83 0.574999988079
84 0.512499988079
85 0.487500011921
86 0.46250000596
87 0.587499976158
88 0.41249999404
89 0.587499976158
90 0.449999988079
91 0.524999976158
92 0.487500011921
93 0.425000011921
94 0.5625
95 0.524999976158
96 0.537500023842
97 0.524999976158
98 0.41249999404
99 0.487500011921
100 0.47499999404
101 0.40000000596
102 0.487500011921
103 0.5625
104 0.574999988079
105 0.4375
106 0.41249999404
107 0.550000011921
108 0.449999988079
109 0.449999988079
110 0.4375
111 0.574999988079
112 0.537500023842
113 0.537500023842
114 0.46250000596
115 0.600000023842
116 0.487500011921
117 0.600000023842
118 0.47499999404
119 0.574999988079
120 0.387499988079
121 0.612500011921
122 0.449999988079
123 0.524999976158
124 0.47499999404
125 0.574999988079
126 0.40000000596
127 0.512499988079
128 0.512499988079
129 0.47499999404
130 0.550000011921
131 0.524999976158
132 0.41249999404
133 0.5
134 0.375
135 0.524999976158
136 0.587499976158
137 0.46250000596
138 0.587499976158
139 0.574999988079
140 0.387499988079
141 0.47499999404
142 0.5625
143 0.449999988079
144 0.512499988079
145 0.524999976158
146 0.449999988079
147 0.47499999404
148 0.587499976158
149 0.41249999404
150 0.524999976158
151 0.512499988079
152 0.449999988079
153 0.41249999404
154 0.487500011921
155 0.47499999404
156 0.537500023842
157 0.5
158 0.524999976158
159 0.34999999404
160 0.5
161 0.550000011921
162 0.5
163 0.47499999404
164 0.4375
165 0.537500023842
166 0.5
167 0.524999976158
168 0.47499999404
169 0.449999988079
170 0.537500023842
171 0.487500011921
172 0.40000000596
173 0.4375
174 0.5625
175 0.4375
176 0.487500011921
177 0.425000011921
178 0.550000011921
179 0.47499999404
180 0.512499988079
181 0.524999976158
182 0.537500023842
183 0.5625
184 0.5
185 0.487500011921
186 0.512499988079
187 0.487500011921
188 0.47499999404
189 0.449999988079
190 0.550000011921
191 0.47499999404
192 0.487500011921
193 0.4375
194 0.46250000596
195 0.425000011921
196 0.449999988079
197 0.550000011921
198 0.5
199 0.487500011921
200 0.47499999404
201 0.449999988079
202 0.41249999404
203 0.524999976158
204 0.46250000596
205 0.550000011921
206 0.46250000596
207 0.537500023842
208 0.5625
209 0.5
210 0.512499988079
211 0.550000011921
212 0.41249999404
213 0.574999988079
214 0.574999988079
215 0.524999976158
216 0.449999988079
217 0.487500011921
218 0.600000023842
219 0.524999976158
220 0.41249999404
221 0.449999988079
222 0.5
223 0.46250000596
224 0.574999988079
225 0.587499976158
226 0.5
227 0.5
228 0.550000011921
229 0.5625
230 0.537500023842
231 0.362500011921
232 0.574999988079
233 0.537500023842
234 0.449999988079
235 0.425000011921
236 0.512499988079
237 0.524999976158
238 0.524999976158
239 0.487500011921
240 0.524999976158
241 0.574999988079
242 0.5625
243 0.449999988079
244 0.46250000596
245 0.449999988079
246 0.537500023842
247 0.487500011921
248 0.5
249 0.524999976158
250 0.537500023842
251 0.5
252 0.512499988079
253 0.4375
254 0.425000011921
255 0.5625
256 0.612500011921
257 0.524999976158
258 0.425000011921
259 0.46250000596
260 0.512499988079
261 0.512499988079
262 0.449999988079
263 0.5
264 0.40000000596
265 0.512499988079
266 0.425000011921
267 0.512499988079
268 0.47499999404
269 0.524999976158
270 0.5
271 0.449999988079
272 0.537500023842
273 0.550000011921
274 0.537500023842
275 0.537500023842
276 0.550000011921
277 0.5625
278 0.47499999404
279 0.524999976158
280 0.537500023842
281 0.512499988079
282 0.40000000596
283 0.41249999404
284 0.574999988079
285 0.40000000596
286 0.487500011921
287 0.425000011921
288 0.537500023842
289 0.524999976158
290 0.537500023842
291 0.524999976158
292 0.46250000596
293 0.550000011921
294 0.5625
295 0.512499988079
296 0.5
297 0.524999976158
298 0.550000011921
299 0.524999976158
300 0.47499999404
301 0.487500011921
302 0.550000011921
303 0.487500011921
304 0.5625
305 0.387499988079
306 0.4375
307 0.537500023842
308 0.47499999404
309 0.41249999404
310 0.4375
311 0.587499976158
312 0.362500011921
313 0.5625
314 0.5
315 0.5
316 0.5
317 0.362500011921
318 0.47499999404
319 0.524999976158
320 0.5
321 0.5
322 0.625
323 0.487500011921
324 0.550000011921
325 0.362500011921
326 0.487500011921
327 0.524999976158
328 0.574999988079
329 0.512499988079
330 0.5625
331 0.537500023842
332 0.5
333 0.512499988079
334 0.512499988079
335 0.40000000596
336 0.4375
337 0.574999988079
338 0.46250000596
339 0.587499976158
340 0.512499988079
341 0.40000000596
342 0.512499988079
343 0.487500011921
344 0.487500011921
345 0.512499988079
346 0.425000011921
347 0.4375
348 0.637499988079
349 0.537500023842
350 0.524999976158
351 0.537500023842
352 0.375
353 0.449999988079
354 0.587499976158
355 0.574999988079
356 0.47499999404
357 0.550000011921
358 0.47499999404
359 0.5
360 0.47499999404
361 0.550000011921
362 0.40000000596
363 0.4375
364 0.5
365 0.524999976158
366 0.512499988079
367 0.41249999404
368 0.537500023842
369 0.574999988079
370 0.537500023842
371 0.512499988079
372 0.550000011921
373 0.524999976158
374 0.5625
375 0.512499988079
376 0.487500011921
377 0.449999988079
378 0.40000000596
379 0.550000011921
380 0.449999988079
381 0.46250000596
382 0.537500023842
383 0.550000011921
384 0.524999976158
385 0.487500011921
386 0.550000011921
387 0.5
388 0.512499988079
389 0.5
390 0.587499976158
391 0.512499988079
392 0.4375
393 0.40000000596
394 0.512499988079
395 0.550000011921
396 0.5
397 0.524999976158
398 0.537500023842
399 0.512499988079
400 0.512499988079
401 0.512499988079
402 0.5
403 0.40000000596
404 0.40000000596
405 0.46250000596
406 0.4375
407 0.46250000596
408 0.487500011921
409 0.425000011921
410 0.487500011921
411 0.487500011921
412 0.5
413 0.4375
414 0.524999976158
415 0.5
416 0.625
417 0.524999976158
418 0.550000011921
419 0.487500011921
420 0.537500023842
421 0.487500011921
422 0.487500011921
423 0.5
424 0.5
425 0.612500011921
426 0.4375
427 0.449999988079
428 0.5
429 0.574999988079
430 0.425000011921
431 0.47499999404
432 0.550000011921
433 0.449999988079
434 0.46250000596
435 0.5625
436 0.5
437 0.425000011921
438 0.524999976158
439 0.537500023842
440 0.512499988079
441 0.34999999404
442 0.4375
443 0.512499988079
444 0.512499988079
445 0.5
446 0.41249999404
447 0.5625
448 0.41249999404
449 0.47499999404
450 0.5
451 0.425000011921
452 0.387499988079
453 0.537500023842
454 0.387499988079
455 0.47499999404
456 0.5625
457 0.46250000596
458 0.46250000596
459 0.47499999404
460 0.449999988079
461 0.637499988079
462 0.5
463 0.524999976158
464 0.524999976158
465 0.487500011921
466 0.487500011921
467 0.449999988079
468 0.5
469 0.449999988079
470 0.524999976158
471 0.40000000596
472 0.537500023842
473 0.524999976158
474 0.47499999404
475 0.487500011921
476 0.46250000596
477 0.449999988079
478 0.524999976158
479 0.487500011921
480 0.487500011921
481 0.600000023842
482 0.550000011921
483 0.449999988079
484 0.4375
485 0.5
486 0.524999976158
487 0.600000023842
488 0.41249999404
489 0.5
490 0.487500011921
491 0.550000011921
492 0.487500011921
493 0.574999988079
494 0.5
495 0.5
496 0.537500023842
497 0.425000011921
498 0.612500011921
499 0.512499988079
500 0.425000011921
501 0.425000011921
502 0.487500011921
503 0.512499988079
504 0.5625
505 0.487500011921
506 0.512499988079
507 0.449999988079
508 0.487500011921
509 0.512499988079
510 0.4375
511 0.46250000596
512 0.487500011921
513 0.625
514 0.512499988079
515 0.46250000596
516 0.537500023842
517 0.425000011921
518 0.46250000596
519 0.550000011921
520 0.40000000596
521 0.47499999404
522 0.40000000596
523 0.46250000596
524 0.600000023842
525 0.537500023842
526 0.487500011921
527 0.574999988079
528 0.487500011921
529 0.487500011921
530 0.612500011921
531 0.425000011921
532 0.41249999404
533 0.537500023842
534 0.487500011921
535 0.487500011921
536 0.46250000596
537 0.487500011921
538 0.47499999404
539 0.5
540 0.47499999404
541 0.537500023842
542 0.449999988079
543 0.5625
544 0.425000011921
545 0.46250000596
546 0.4375
547 0.537500023842
548 0.449999988079
549 0.46250000596
550 0.41249999404
551 0.5625
552 0.537500023842
553 0.512499988079
554 0.574999988079
555 0.524999976158
556 0.487500011921
557 0.46250000596
558 0.47499999404
559 0.537500023842
560 0.512499988079
561 0.524999976158
562 0.487500011921
563 0.5
564 0.46250000596
565 0.550000011921
566 0.550000011921
567 0.46250000596
568 0.487500011921
569 0.487500011921
570 0.4375
571 0.449999988079
572 0.524999976158
573 0.47499999404
574 0.512499988079
575 0.375
576 0.47499999404
577 0.524999976158
578 0.524999976158
579 0.449999988079
580 0.574999988079
581 0.512499988079
582 0.4375
583 0.449999988079
584 0.5
585 0.612500011921
586 0.47499999404
587 0.5
588 0.574999988079
589 0.524999976158
590 0.5
591 0.550000011921
592 0.5
593 0.587499976158
594 0.41249999404
595 0.574999988079
596 0.512499988079
597 0.5
598 0.537500023842
599 0.47499999404
600 0.47499999404
601 0.512499988079
602 0.487500011921
603 0.449999988079
604 0.449999988079
605 0.487500011921
606 0.47499999404
607 0.587499976158
608 0.5625
609 0.4375
610 0.5
611 0.4375
612 0.512499988079
613 0.537500023842
614 0.47499999404
615 0.46250000596
616 0.512499988079
617 0.41249999404
618 0.550000011921
619 0.574999988079
620 0.574999988079
621 0.550000011921
622 0.550000011921
623 0.425000011921
624 0.47499999404
625 0.550000011921
626 0.537500023842
627 0.41249999404
628 0.449999988079
629 0.550000011921
630 0.5625
631 0.512499988079
632 0.387499988079
633 0.5
634 0.574999988079
635 0.524999976158
636 0.649999976158
637 0.40000000596
638 0.512499988079
639 0.5
640 0.537500023842
641 0.550000011921
642 0.5
643 0.46250000596
644 0.4375
645 0.537500023842
646 0.47499999404
647 0.5
648 0.425000011921
649 0.487500011921
650 0.5625
651 0.425000011921
652 0.4375
653 0.449999988079
654 0.47499999404
655 0.449999988079
656 0.449999988079
657 0.512499988079
658 0.5625
659 0.5
660 0.449999988079
661 0.587499976158
662 0.512499988079
663 0.5
664 0.4375
665 0.5
666 0.637499988079
667 0.47499999404
668 0.425000011921
669 0.46250000596
670 0.362500011921
671 0.449999988079
672 0.487500011921
673 0.524999976158
674 0.512499988079
675 0.487500011921
676 0.47499999404
677 0.5
678 0.487500011921
679 0.5
680 0.4375
681 0.524999976158
682 0.425000011921
683 0.47499999404
684 0.47499999404
685 0.524999976158
686 0.47499999404
687 0.5
688 0.4375
689 0.487500011921
690 0.487500011921
691 0.47499999404
692 0.537500023842
693 0.425000011921
694 0.512499988079
695 0.5625
696 0.425000011921
697 0.425000011921
698 0.550000011921
699 0.574999988079
700 0.449999988079
701 0.537500023842
702 0.537500023842
703 0.425000011921
704 0.512499988079
705 0.5625
706 0.41249999404
707 0.574999988079
708 0.5625
709 0.524999976158
710 0.5625
711 0.449999988079
712 0.587499976158
713 0.600000023842
714 0.524999976158
715 0.524999976158
716 0.46250000596
717 0.612500011921
718 0.47499999404
719 0.524999976158
720 0.524999976158
721 0.5
722 0.512499988079
723 0.512499988079
724 0.4375
725 0.449999988079
726 0.524999976158
727 0.425000011921
728 0.47499999404
729 0.537500023842
730 0.425000011921
731 0.5625
732 0.512499988079
733 0.5
734 0.47499999404
735 0.47499999404
736 0.487500011921
737 0.46250000596
738 0.512499988079
739 0.537500023842
740 0.537500023842
741 0.449999988079
742 0.537500023842
743 0.47499999404
744 0.587499976158
745 0.512499988079
746 0.5
747 0.524999976158
748 0.487500011921
749 0.46250000596
750 0.537500023842
751 0.5
752 0.524999976158
753 0.524999976158
754 0.537500023842
755 0.5
756 0.587499976158
757 0.512499988079
758 0.46250000596
759 0.5625
760 0.425000011921
761 0.5
762 0.487500011921
763 0.512499988079
764 0.5
765 0.524999976158
766 0.47499999404
767 0.612500011921
768 0.5
769 0.41249999404
770 0.524999976158
771 0.5625
772 0.524999976158
773 0.46250000596
774 0.5
775 0.425000011921
776 0.550000011921
777 0.4375
778 0.46250000596
779 0.512499988079
780 0.637499988079
781 0.487500011921
782 0.487500011921
783 0.449999988079
784 0.524999976158
785 0.587499976158
786 0.40000000596
787 0.550000011921
788 0.425000011921
789 0.574999988079
790 0.524999976158
791 0.47499999404
792 0.5625
793 0.524999976158
794 0.5
795 0.5
796 0.574999988079
797 0.625
798 0.512499988079
799 0.487500011921
800 0.524999976158
801 0.487500011921
802 0.524999976158
803 0.41249999404
804 0.512499988079
805 0.387499988079
806 0.524999976158
807 0.46250000596
808 0.487500011921
809 0.46250000596
810 0.5
811 0.41249999404
812 0.537500023842
813 0.46250000596
814 0.5
815 0.5
816 0.537500023842
817 0.46250000596
818 0.40000000596
819 0.574999988079
820 0.512499988079
821 0.574999988079
822 0.487500011921
823 0.425000011921
824 0.5625
825 0.537500023842
826 0.600000023842
827 0.4375
828 0.47499999404
829 0.5
830 0.5625
831 0.524999976158
832 0.625
833 0.5
834 0.487500011921
835 0.550000011921
836 0.524999976158
837 0.46250000596
838 0.47499999404
839 0.5
840 0.5
841 0.449999988079
842 0.362500011921
843 0.425000011921
844 0.46250000596
845 0.375
846 0.5
847 0.46250000596
848 0.537500023842
849 0.449999988079
850 0.449999988079
851 0.537500023842
852 0.587499976158
853 0.600000023842
854 0.537500023842
855 0.524999976158
856 0.40000000596
857 0.524999976158
858 0.47499999404
859 0.5
860 0.524999976158
861 0.487500011921
862 0.512499988079
863 0.387499988079
864 0.46250000596
865 0.5
866 0.512499988079
867 0.550000011921
868 0.524999976158
869 0.524999976158
870 0.5
871 0.47499999404
872 0.47499999404
873 0.47499999404
874 0.524999976158
875 0.5625
876 0.587499976158
877 0.512499988079
878 0.512499988079
879 0.47499999404
880 0.46250000596
881 0.587499976158
882 0.574999988079
883 0.487500011921
884 0.47499999404
885 0.550000011921
886 0.5
887 0.574999988079
888 0.5
889 0.4375
890 0.524999976158
891 0.387499988079
892 0.550000011921
893 0.512499988079
894 0.449999988079
895 0.512499988079
896 0.537500023842
897 0.487500011921
898 0.524999976158
899 0.612500011921
900 0.524999976158
901 0.537500023842
902 0.5
903 0.487500011921
904 0.425000011921
905 0.5
906 0.47499999404
907 0.5
908 0.449999988079
909 0.487500011921
910 0.524999976158
911 0.487500011921
912 0.550000011921
913 0.524999976158
914 0.587499976158
915 0.550000011921
916 0.449999988079
917 0.41249999404
918 0.550000011921
919 0.524999976158
920 0.40000000596
921 0.4375
922 0.600000023842
923 0.47499999404
924 0.41249999404
925 0.47499999404
926 0.46250000596
927 0.5
928 0.5
929 0.512499988079
930 0.487500011921
931 0.625
932 0.5
933 0.41249999404
934 0.40000000596
935 0.512499988079
936 0.512499988079
937 0.41249999404
938 0.47499999404
939 0.512499988079
940 0.524999976158
941 0.550000011921
942 0.449999988079
943 0.5
944 0.612500011921
945 0.46250000596
946 0.46250000596
947 0.47499999404
948 0.512499988079
949 0.425000011921
950 0.574999988079
951 0.512499988079
952 0.47499999404
953 0.487500011921
954 0.537500023842
955 0.4375
956 0.46250000596
957 0.537500023842
958 0.512499988079
959 0.537500023842
960 0.550000011921
961 0.574999988079
962 0.5
963 0.387499988079
964 0.487500011921
965 0.574999988079
966 0.512499988079
967 0.550000011921
968 0.5625
969 0.537500023842
970 0.587499976158
971 0.587499976158
972 0.550000011921
973 0.47499999404
974 0.574999988079
975 0.550000011921
976 0.5
977 0.524999976158
978 0.550000011921
979 0.512499988079
980 0.425000011921
981 0.512499988079
982 0.5
983 0.5625
984 0.449999988079
985 0.46250000596
986 0.46250000596
987 0.449999988079
988 0.524999976158
989 0.449999988079
990 0.512499988079
991 0.625
992 0.5625
993 0.512499988079
994 0.512499988079
995 0.487500011921
996 0.550000011921
997 0.47499999404
998 0.375
999 0.537500023842
1000 0.524999976158
1001 0.587499976158
1002 0.487500011921
1003 0.5
1004 0.574999988079
1005 0.5
1006 0.487500011921
1007 0.487500011921
1008 0.612500011921
1009 0.46250000596
1010 0.387499988079
1011 0.41249999404
1012 0.5625
1013 0.612500011921
1014 0.550000011921
1015 0.537500023842
1016 0.487500011921
1017 0.5625
1018 0.487500011921
1019 0.40000000596
1020 0.47499999404
1021 0.524999976158
1022 0.40000000596
1023 0.34999999404
1024 0.4375
1025 0.512499988079
1026 0.4375
1027 0.5
1028 0.47499999404
1029 0.537500023842
1030 0.425000011921
1031 0.5
1032 0.524999976158
1033 0.46250000596
1034 0.537500023842
1035 0.46250000596
1036 0.41249999404
1037 0.47499999404
1038 0.41249999404
1039 0.537500023842
1040 0.550000011921
1041 0.550000011921
1042 0.5625
1043 0.550000011921
1044 0.487500011921
1045 0.5
1046 0.40000000596
1047 0.487500011921
1048 0.487500011921
1049 0.512499988079
1050 0.524999976158
1051 0.5
1052 0.612500011921
1053 0.487500011921
1054 0.512499988079
1055 0.487500011921
1056 0.5
1057 0.524999976158
1058 0.574999988079
1059 0.5625
1060 0.449999988079
1061 0.574999988079
1062 0.524999976158
1063 0.46250000596
1064 0.5
1065 0.40000000596
1066 0.512499988079
1067 0.524999976158
1068 0.587499976158
1069 0.449999988079
1070 0.5
1071 0.4375
1072 0.46250000596
1073 0.41249999404
1074 0.46250000596
1075 0.487500011921
1076 0.550000011921
1077 0.4375
1078 0.550000011921
1079 0.487500011921
1080 0.5
1081 0.46250000596
1082 0.41249999404
1083 0.524999976158
1084 0.449999988079
1085 0.524999976158
1086 0.612500011921
1087 0.487500011921
1088 0.512499988079
1089 0.46250000596
1090 0.5
1091 0.47499999404
1092 0.5625
1093 0.524999976158
1094 0.47499999404
1095 0.5
1096 0.587499976158
1097 0.5625
1098 0.5
1099 0.4375
1100 0.47499999404
1101 0.587499976158
1102 0.550000011921
1103 0.574999988079
1104 0.41249999404
1105 0.637499988079
1106 0.512499988079
1107 0.449999988079
1108 0.487500011921
1109 0.46250000596
1110 0.537500023842
1111 0.487500011921
1112 0.47499999404
1113 0.5625
1114 0.625
1115 0.47499999404
1116 0.512499988079
1117 0.41249999404
1118 0.487500011921
1119 0.537500023842
1120 0.46250000596
1121 0.512499988079
1122 0.47499999404
1123 0.512499988079
1124 0.537500023842
1125 0.550000011921
1126 0.600000023842
1127 0.46250000596
1128 0.550000011921
1129 0.587499976158
1130 0.46250000596
1131 0.487500011921
1132 0.5625
1133 0.47499999404
1134 0.47499999404
1135 0.5
1136 0.5625
1137 0.537500023842
1138 0.512499988079
1139 0.512499988079
1140 0.449999988079
1141 0.512499988079
1142 0.487500011921
1143 0.449999988079
1144 0.425000011921
1145 0.47499999404
1146 0.574999988079
1147 0.4375
1148 0.587499976158
1149 0.5625
1150 0.574999988079
1151 0.47499999404
1152 0.487500011921
1153 0.4375
1154 0.550000011921
1155 0.524999976158
1156 0.5
1157 0.524999976158
1158 0.512499988079
1159 0.4375
1160 0.47499999404
1161 0.537500023842
1162 0.550000011921
1163 0.47499999404
1164 0.47499999404
1165 0.47499999404
1166 0.449999988079
1167 0.512499988079
1168 0.550000011921
1169 0.487500011921
1170 0.537500023842
1171 0.524999976158
1172 0.487500011921
1173 0.550000011921
1174 0.600000023842
1175 0.537500023842
1176 0.5625
1177 0.449999988079
1178 0.487500011921
1179 0.5
1180 0.524999976158
1181 0.4375
1182 0.550000011921
1183 0.4375
1184 0.512499988079
1185 0.46250000596
1186 0.46250000596
1187 0.46250000596
1188 0.5
1189 0.487500011921
1190 0.537500023842
1191 0.537500023842
1192 0.47499999404
1193 0.637499988079
1194 0.425000011921
1195 0.487500011921
1196 0.537500023842
1197 0.512499988079
1198 0.47499999404
1199 0.524999976158
1200 0.600000023842
1201 0.487500011921
1202 0.524999976158
1203 0.47499999404
1204 0.524999976158
1205 0.537500023842
1206 0.425000011921
1207 0.46250000596
1208 0.512499988079
1209 0.512499988079
1210 0.550000011921
1211 0.550000011921
1212 0.47499999404
1213 0.550000011921
1214 0.574999988079
1215 0.5
1216 0.524999976158
1217 0.4375
1218 0.5625
1219 0.524999976158
1220 0.512499988079
1221 0.524999976158
1222 0.46250000596
1223 0.41249999404
1224 0.47499999404
1225 0.47499999404
1226 0.46250000596
1227 0.47499999404
1228 0.512499988079
1229 0.512499988079
1230 0.5
1231 0.524999976158
1232 0.47499999404
1233 0.512499988079
1234 0.524999976158
1235 0.5625
1236 0.574999988079
1237 0.46250000596
1238 0.487500011921
1239 0.487500011921
1240 0.449999988079
1241 0.574999988079
1242 0.47499999404
1243 0.512499988079
1244 0.4375
1245 0.5
1246 0.512499988079
1247 0.524999976158
1248 0.449999988079
1249 0.425000011921
1250 0.449999988079
1251 0.512499988079
1252 0.637499988079
1253 0.41249999404
1254 0.625
1255 0.587499976158
1256 0.41249999404
1257 0.4375
1258 0.375
1259 0.40000000596
1260 0.574999988079
1261 0.550000011921
1262 0.425000011921
1263 0.5
1264 0.487500011921
1265 0.46250000596
1266 0.537500023842
1267 0.4375
1268 0.524999976158
1269 0.47499999404
1270 0.550000011921
1271 0.4375
1272 0.612500011921
1273 0.537500023842
1274 0.40000000596
1275 0.512499988079
1276 0.600000023842
1277 0.387499988079
1278 0.524999976158
1279 0.512499988079
1280 0.512499988079
1281 0.524999976158
1282 0.649999976158
1283 0.587499976158
1284 0.5
1285 0.449999988079
1286 0.449999988079
1287 0.537500023842
1288 0.524999976158
1289 0.5
1290 0.46250000596
1291 0.46250000596
1292 0.47499999404
1293 0.47499999404
1294 0.637499988079
1295 0.449999988079
1296 0.47499999404
1297 0.587499976158
1298 0.5625
1299 0.449999988079
1300 0.47499999404
1301 0.449999988079
1302 0.425000011921
1303 0.362500011921
1304 0.512499988079
1305 0.550000011921
1306 0.40000000596
1307 0.5
1308 0.449999988079
1309 0.487500011921
1310 0.512499988079
1311 0.512499988079
1312 0.487500011921
1313 0.524999976158
1314 0.524999976158
1315 0.487500011921
1316 0.537500023842
1317 0.41249999404
1318 0.47499999404
1319 0.574999988079
1320 0.47499999404
1321 0.537500023842
1322 0.574999988079
1323 0.537500023842
1324 0.449999988079
1325 0.449999988079
1326 0.537500023842
1327 0.387499988079
1328 0.46250000596
1329 0.537500023842
1330 0.574999988079
1331 0.537500023842
1332 0.46250000596
1333 0.449999988079
1334 0.524999976158
1335 0.550000011921
1336 0.46250000596
1337 0.612500011921
1338 0.449999988079
1339 0.612500011921
1340 0.375
1341 0.425000011921
1342 0.487500011921
1343 0.4375
1344 0.487500011921
1345 0.587499976158
1346 0.4375
1347 0.487500011921
1348 0.46250000596
1349 0.5
1350 0.537500023842
1351 0.46250000596
1352 0.512499988079
1353 0.649999976158
1354 0.46250000596
1355 0.5625
1356 0.46250000596
1357 0.449999988079
1358 0.5
1359 0.47499999404
1360 0.537500023842
1361 0.5
1362 0.47499999404
1363 0.47499999404
1364 0.537500023842
1365 0.5625
1366 0.46250000596
1367 0.512499988079
1368 0.449999988079
1369 0.449999988079
1370 0.537500023842
1371 0.550000011921
1372 0.600000023842
1373 0.512499988079
1374 0.537500023842
1375 0.550000011921
1376 0.375
1377 0.4375
1378 0.512499988079
1379 0.512499988079
1380 0.5
1381 0.47499999404
1382 0.487500011921
1383 0.5625
1384 0.5625
1385 0.587499976158
1386 0.4375
1387 0.46250000596
1388 0.47499999404
1389 0.5
1390 0.574999988079
1391 0.46250000596
1392 0.47499999404
1393 0.47499999404
1394 0.5625
1395 0.5625
1396 0.47499999404
1397 0.587499976158
1398 0.46250000596
1399 0.425000011921
1400 0.449999988079
1401 0.537500023842
1402 0.47499999404
1403 0.5
1404 0.487500011921
1405 0.425000011921
1406 0.550000011921
1407 0.47499999404
1408 0.5
1409 0.487500011921
1410 0.375
1411 0.587499976158
1412 0.5
1413 0.375
1414 0.537500023842
1415 0.5625
1416 0.46250000596
1417 0.5
1418 0.4375
1419 0.5625
1420 0.4375
1421 0.5625
1422 0.524999976158
1423 0.47499999404
1424 0.487500011921
1425 0.537500023842
1426 0.46250000596
1427 0.46250000596
1428 0.47499999404
1429 0.5
1430 0.5
1431 0.5625
1432 0.5
1433 0.524999976158
1434 0.47499999404
1435 0.4375
1436 0.637499988079
1437 0.550000011921
1438 0.5
1439 0.574999988079
1440 0.5625
1441 0.4375
1442 0.487500011921
1443 0.537500023842
1444 0.550000011921
1445 0.46250000596
1446 0.40000000596
1447 0.4375
1448 0.5625
1449 0.375
1450 0.449999988079
1451 0.487500011921
1452 0.449999988079
1453 0.5625
1454 0.550000011921
1455 0.5625
1456 0.600000023842
1457 0.537500023842
1458 0.4375
1459 0.40000000596
1460 0.524999976158
1461 0.46250000596
1462 0.449999988079
1463 0.5
1464 0.4375
1465 0.5
1466 0.524999976158
1467 0.47499999404
1468 0.40000000596
1469 0.587499976158
1470 0.47499999404
1471 0.40000000596
1472 0.550000011921
1473 0.46250000596
1474 0.46250000596
1475 0.5
1476 0.574999988079
1477 0.550000011921
1478 0.574999988079
1479 0.487500011921
1480 0.524999976158
1481 0.487500011921
1482 0.5
1483 0.4375
1484 0.46250000596
1485 0.524999976158
1486 0.5
1487 0.449999988079
1488 0.4375
1489 0.524999976158
1490 0.550000011921
1491 0.524999976158
1492 0.40000000596
1493 0.550000011921
1494 0.625
1495 0.5
1496 0.524999976158
1497 0.47499999404
1498 0.47499999404
1499 0.5625
1500 0.550000011921
1501 0.46250000596
1502 0.5
1503 0.600000023842
1504 0.4375
1505 0.574999988079
1506 0.487500011921
1507 0.4375
1508 0.4375
1509 0.537500023842
1510 0.587499976158
1511 0.512499988079
1512 0.537500023842
1513 0.574999988079
1514 0.425000011921
1515 0.4375
1516 0.537500023842
1517 0.512499988079
1518 0.4375
1519 0.47499999404
1520 0.47499999404
1521 0.5
1522 0.5
1523 0.512499988079
1524 0.550000011921
1525 0.4375
1526 0.47499999404
1527 0.47499999404
1528 0.550000011921
1529 0.600000023842
1530 0.574999988079
1531 0.46250000596
1532 0.4375
1533 0.550000011921
1534 0.425000011921
1535 0.47499999404
1536 0.512499988079
1537 0.524999976158
1538 0.524999976158
1539 0.47499999404
1540 0.46250000596
1541 0.600000023842
1542 0.512499988079
1543 0.537500023842
1544 0.600000023842
1545 0.47499999404
1546 0.46250000596
1547 0.46250000596
1548 0.537500023842
1549 0.512499988079
1550 0.512499988079
1551 0.600000023842
1552 0.47499999404
1553 0.524999976158
1554 0.5
1555 0.600000023842
1556 0.524999976158
1557 0.625
1558 0.425000011921
1559 0.537500023842
1560 0.487500011921
1561 0.537500023842
1562 0.4375
1563 0.4375
1564 0.574999988079
1565 0.5625
1566 0.537500023842
1567 0.512499988079
1568 0.47499999404
1569 0.524999976158
1570 0.625
1571 0.5625
1572 0.41249999404
1573 0.47499999404
1574 0.41249999404
1575 0.550000011921
1576 0.512499988079
1577 0.537500023842
1578 0.4375
1579 0.46250000596
1580 0.4375
1581 0.574999988079
1582 0.47499999404
1583 0.537500023842
1584 0.537500023842
1585 0.550000011921
1586 0.5625
1587 0.4375
1588 0.46250000596
1589 0.487500011921
1590 0.512499988079
1591 0.512499988079
1592 0.487500011921
1593 0.537500023842
1594 0.512499988079
1595 0.600000023842
1596 0.487500011921
1597 0.487500011921
1598 0.524999976158
1599 0.46250000596
1600 0.512499988079
1601 0.425000011921
1602 0.524999976158
1603 0.625
1604 0.537500023842
1605 0.487500011921
1606 0.587499976158
1607 0.375
1608 0.4375
1609 0.449999988079
1610 0.550000011921
1611 0.512499988079
1612 0.449999988079
1613 0.40000000596
1614 0.425000011921
1615 0.425000011921
1616 0.587499976158
1617 0.47499999404
1618 0.550000011921
1619 0.550000011921
1620 0.550000011921
1621 0.449999988079
1622 0.487500011921
1623 0.574999988079
1624 0.550000011921
1625 0.46250000596
1626 0.637499988079
1627 0.41249999404
1628 0.550000011921
1629 0.625
1630 0.41249999404
1631 0.524999976158
1632 0.524999976158
1633 0.449999988079
1634 0.47499999404
1635 0.574999988079
1636 0.524999976158
1637 0.587499976158
1638 0.5
1639 0.487500011921
1640 0.524999976158
1641 0.600000023842
1642 0.524999976158
1643 0.425000011921
1644 0.47499999404
1645 0.550000011921
1646 0.487500011921
1647 0.5625
1648 0.487500011921
1649 0.512499988079
1650 0.449999988079
1651 0.41249999404
1652 0.512499988079
1653 0.449999988079
1654 0.487500011921
1655 0.487500011921
1656 0.387499988079
1657 0.574999988079
1658 0.46250000596
1659 0.512499988079
1660 0.5
1661 0.46250000596
1662 0.550000011921
1663 0.4375
1664 0.449999988079
1665 0.5
1666 0.40000000596
1667 0.537500023842
1668 0.487500011921
1669 0.550000011921
1670 0.550000011921
1671 0.487500011921
1672 0.550000011921
1673 0.46250000596
1674 0.47499999404
1675 0.600000023842
1676 0.574999988079
1677 0.524999976158
1678 0.47499999404
1679 0.5
1680 0.449999988079
1681 0.550000011921
1682 0.487500011921
1683 0.47499999404
1684 0.524999976158
1685 0.387499988079
1686 0.4375
1687 0.537500023842
1688 0.5
1689 0.46250000596
1690 0.46250000596
1691 0.487500011921
1692 0.5625
1693 0.537500023842
1694 0.40000000596
1695 0.46250000596
1696 0.512499988079
1697 0.47499999404
1698 0.449999988079
1699 0.449999988079
1700 0.487500011921
1701 0.387499988079
1702 0.550000011921
1703 0.637499988079
1704 0.537500023842
1705 0.550000011921
1706 0.47499999404
1707 0.5
1708 0.487500011921
1709 0.524999976158
1710 0.425000011921
1711 0.550000011921
1712 0.47499999404
1713 0.47499999404
1714 0.512499988079
1715 0.537500023842
1716 0.47499999404
1717 0.40000000596
1718 0.524999976158
1719 0.574999988079
1720 0.600000023842
1721 0.587499976158
1722 0.512499988079
1723 0.5
1724 0.587499976158
1725 0.524999976158
1726 0.4375
1727 0.5625
1728 0.5
1729 0.524999976158
1730 0.487500011921
1731 0.40000000596
1732 0.625
1733 0.4375
1734 0.41249999404
1735 0.550000011921
1736 0.41249999404
1737 0.41249999404
1738 0.46250000596
1739 0.449999988079
1740 0.46250000596
1741 0.46250000596
1742 0.574999988079
1743 0.47499999404
1744 0.5
1745 0.524999976158
1746 0.512499988079
1747 0.5
1748 0.425000011921
1749 0.46250000596
1750 0.537500023842
1751 0.487500011921
1752 0.40000000596
1753 0.46250000596
1754 0.425000011921
1755 0.5
1756 0.487500011921
1757 0.425000011921
1758 0.537500023842
1759 0.46250000596
1760 0.5
1761 0.487500011921
1762 0.574999988079
1763 0.47499999404
1764 0.5
1765 0.524999976158
1766 0.512499988079
1767 0.550000011921
1768 0.537500023842
1769 0.537500023842
1770 0.425000011921
1771 0.5
1772 0.487500011921
1773 0.512499988079
1774 0.47499999404
1775 0.550000011921
1776 0.47499999404
1777 0.587499976158
1778 0.574999988079
1779 0.612500011921
1780 0.550000011921
1781 0.5
1782 0.449999988079
1783 0.46250000596
1784 0.5
1785 0.524999976158
1786 0.550000011921
1787 0.537500023842
1788 0.5
1789 0.46250000596
1790 0.600000023842
1791 0.375
1792 0.387499988079
1793 0.537500023842
1794 0.550000011921
1795 0.46250000596
1796 0.487500011921
1797 0.574999988079
1798 0.5625
1799 0.487500011921
1800 0.574999988079
1801 0.537500023842
1802 0.47499999404
1803 0.4375
1804 0.537500023842
1805 0.41249999404
1806 0.574999988079
1807 0.524999976158
1808 0.550000011921
1809 0.587499976158
1810 0.574999988079
1811 0.40000000596
1812 0.487500011921
1813 0.47499999404
1814 0.512499988079
1815 0.47499999404
1816 0.524999976158
1817 0.537500023842
1818 0.524999976158
1819 0.41249999404
1820 0.487500011921
1821 0.550000011921
1822 0.449999988079
1823 0.537500023842
1824 0.524999976158
1825 0.4375
1826 0.425000011921
1827 0.425000011921
1828 0.487500011921
1829 0.5625
1830 0.487500011921
1831 0.612500011921
1832 0.4375
1833 0.512499988079
1834 0.47499999404
1835 0.47499999404
1836 0.40000000596
1837 0.46250000596
1838 0.425000011921
1839 0.550000011921
1840 0.5625
1841 0.574999988079
1842 0.524999976158
1843 0.449999988079
1844 0.512499988079
1845 0.587499976158
1846 0.40000000596
1847 0.487500011921
1848 0.46250000596
1849 0.512499988079
1850 0.47499999404
1851 0.362500011921
1852 0.5625
1853 0.537500023842
1854 0.4375
1855 0.47499999404
1856 0.512499988079
1857 0.512499988079
1858 0.612500011921
1859 0.487500011921
1860 0.47499999404
1861 0.512499988079
1862 0.4375
1863 0.524999976158
1864 0.47499999404
1865 0.5
1866 0.4375
1867 0.387499988079
1868 0.600000023842
1869 0.425000011921
1870 0.4375
1871 0.449999988079
1872 0.46250000596
1873 0.487500011921
1874 0.524999976158
1875 0.512499988079
1876 0.550000011921
1877 0.600000023842
1878 0.46250000596
1879 0.46250000596
1880 0.600000023842
1881 0.449999988079
1882 0.612500011921
1883 0.512499988079
1884 0.487500011921
1885 0.524999976158
1886 0.425000011921
1887 0.5
1888 0.524999976158
1889 0.4375
1890 0.5
1891 0.449999988079
1892 0.375
1893 0.550000011921
1894 0.512499988079
1895 0.449999988079
1896 0.4375
1897 0.5625
1898 0.524999976158
1899 0.5625
1900 0.524999976158
1901 0.487500011921
1902 0.47499999404
1903 0.524999976158
1904 0.47499999404
1905 0.537500023842
1906 0.649999976158
1907 0.487500011921
1908 0.5
1909 0.574999988079
1910 0.5
1911 0.537500023842
1912 0.47499999404
1913 0.512499988079
1914 0.512499988079
1915 0.5
1916 0.5
1917 0.5625
1918 0.487500011921
1919 0.524999976158
1920 0.5625
1921 0.574999988079
1922 0.574999988079
1923 0.46250000596
1924 0.5
1925 0.4375
1926 0.537500023842
1927 0.449999988079
1928 0.512499988079
1929 0.5625
1930 0.524999976158
1931 0.46250000596
1932 0.47499999404
1933 0.46250000596
1934 0.46250000596
1935 0.47499999404
1936 0.5
1937 0.524999976158
1938 0.512499988079
1939 0.487500011921
1940 0.524999976158
1941 0.537500023842
1942 0.537500023842
1943 0.574999988079
1944 0.574999988079
1945 0.574999988079
1946 0.487500011921
1947 0.574999988079
1948 0.449999988079
1949 0.5
1950 0.46250000596
1951 0.449999988079
1952 0.5
1953 0.34999999404
1954 0.600000023842
1955 0.512499988079
1956 0.612500011921
1957 0.387499988079
1958 0.487500011921
1959 0.41249999404
1960 0.699999988079
1961 0.449999988079
1962 0.5625
1963 0.550000011921
1964 0.512499988079
1965 0.46250000596
1966 0.425000011921
1967 0.637499988079
1968 0.574999988079
1969 0.41249999404
1970 0.47499999404
1971 0.449999988079
1972 0.5
1973 0.487500011921
1974 0.512499988079
1975 0.4375
1976 0.524999976158
1977 0.47499999404
1978 0.512499988079
1979 0.537500023842
1980 0.512499988079
1981 0.40000000596
1982 0.47499999404
1983 0.550000011921
1984 0.4375
1985 0.47499999404
1986 0.47499999404
1987 0.550000011921
1988 0.512499988079
1989 0.537500023842
1990 0.512499988079
1991 0.625
1992 0.524999976158
1993 0.5
1994 0.5
1995 0.512499988079
1996 0.5625
1997 0.487500011921
1998 0.4375
1999 0.625
2000 0.625
2001 0.487500011921
2002 0.550000011921
2003 0.524999976158
2004 0.600000023842
2005 0.41249999404
2006 0.512499988079
2007 0.524999976158
2008 0.47499999404
2009 0.425000011921
2010 0.524999976158
2011 0.524999976158
2012 0.34999999404
2013 0.524999976158
2014 0.537500023842
2015 0.47499999404
2016 0.5625
2017 0.574999988079
2018 0.5625
2019 0.524999976158
2020 0.47499999404
2021 0.40000000596
2022 0.524999976158
2023 0.550000011921
2024 0.4375
2025 0.449999988079
2026 0.425000011921
2027 0.524999976158
2028 0.574999988079
2029 0.524999976158
2030 0.5
2031 0.40000000596
2032 0.46250000596
2033 0.550000011921
2034 0.537500023842
2035 0.449999988079
2036 0.524999976158
2037 0.537500023842
2038 0.425000011921
2039 0.487500011921
2040 0.524999976158
2041 0.5
2042 0.574999988079
2043 0.41249999404
2044 0.550000011921
2045 0.5625
2046 0.487500011921
2047 0.524999976158
2048 0.512499988079
2049 0.487500011921
2050 0.512499988079
2051 0.5
2052 0.550000011921
2053 0.537500023842
2054 0.487500011921
2055 0.5
2056 0.512499988079
2057 0.524999976158
2058 0.524999976158
2059 0.46250000596
2060 0.550000011921
2061 0.5
2062 0.449999988079
2063 0.46250000596
2064 0.5
2065 0.47499999404
2066 0.46250000596
2067 0.449999988079
2068 0.587499976158
2069 0.524999976158
2070 0.387499988079
2071 0.550000011921
2072 0.449999988079
2073 0.512499988079
2074 0.487500011921
2075 0.512499988079
2076 0.5625
2077 0.5
2078 0.512499988079
2079 0.47499999404
2080 0.512499988079
2081 0.5625
2082 0.5
2083 0.587499976158
2084 0.524999976158
2085 0.5
2086 0.550000011921
2087 0.46250000596
2088 0.625
2089 0.537500023842
2090 0.5
2091 0.537500023842
2092 0.487500011921
2093 0.47499999404
2094 0.587499976158
2095 0.46250000596
2096 0.387499988079
2097 0.41249999404
2098 0.487500011921
2099 0.449999988079
2100 0.5
2101 0.449999988079
2102 0.4375
2103 0.524999976158
2104 0.46250000596
2105 0.487500011921
2106 0.47499999404
2107 0.524999976158
2108 0.550000011921
2109 0.47499999404
2110 0.5
2111 0.375
2112 0.600000023842
2113 0.47499999404
2114 0.449999988079
2115 0.512499988079
2116 0.487500011921
2117 0.449999988079
2118 0.387499988079
2119 0.425000011921
2120 0.487500011921
2121 0.425000011921
2122 0.512499988079
2123 0.47499999404
2124 0.512499988079
2125 0.574999988079
2126 0.387499988079
2127 0.587499976158
2128 0.587499976158
2129 0.47499999404
2130 0.4375
2131 0.550000011921
2132 0.449999988079
2133 0.612500011921
2134 0.512499988079
2135 0.487500011921
2136 0.550000011921
2137 0.550000011921
2138 0.5
2139 0.487500011921
2140 0.47499999404
2141 0.449999988079
2142 0.5
2143 0.524999976158
2144 0.487500011921
2145 0.375
2146 0.449999988079
2147 0.41249999404
2148 0.425000011921
2149 0.47499999404
2150 0.47499999404
2151 0.425000011921
2152 0.449999988079
2153 0.40000000596
2154 0.5
2155 0.550000011921
2156 0.537500023842
2157 0.5
2158 0.47499999404
2159 0.5625
2160 0.600000023842
2161 0.612500011921
2162 0.5625
2163 0.5
2164 0.550000011921
2165 0.587499976158
2166 0.587499976158
2167 0.4375
2168 0.487500011921
2169 0.550000011921
2170 0.524999976158
2171 0.662500023842
2172 0.537500023842
2173 0.47499999404
2174 0.46250000596
2175 0.574999988079
2176 0.587499976158
2177 0.387499988079
2178 0.5
2179 0.524999976158
2180 0.449999988079
2181 0.550000011921
2182 0.46250000596
2183 0.449999988079
2184 0.46250000596
2185 0.47499999404
2186 0.425000011921
2187 0.487500011921
2188 0.425000011921
2189 0.574999988079
2190 0.40000000596
2191 0.4375
2192 0.46250000596
2193 0.537500023842
2194 0.5
2195 0.574999988079
2196 0.537500023842
2197 0.550000011921
2198 0.524999976158
2199 0.40000000596
2200 0.487500011921
2201 0.46250000596
2202 0.487500011921
2203 0.47499999404
2204 0.537500023842
2205 0.550000011921
2206 0.537500023842
2207 0.5
2208 0.524999976158
2209 0.47499999404
2210 0.512499988079
2211 0.537500023842
2212 0.47499999404
2213 0.40000000596
2214 0.46250000596
2215 0.5
2216 0.487500011921
2217 0.449999988079
2218 0.512499988079
2219 0.4375
2220 0.550000011921
2221 0.40000000596
2222 0.5625
2223 0.47499999404
2224 0.46250000596
2225 0.46250000596
2226 0.550000011921
2227 0.449999988079
2228 0.574999988079
2229 0.524999976158
2230 0.375
2231 0.47499999404
2232 0.47499999404
2233 0.375
2234 0.46250000596
2235 0.524999976158
2236 0.487500011921
2237 0.487500011921
2238 0.425000011921
2239 0.550000011921
2240 0.449999988079
2241 0.587499976158
2242 0.574999988079
2243 0.524999976158
2244 0.4375
2245 0.4375
2246 0.47499999404
2247 0.47499999404
2248 0.487500011921
2249 0.524999976158
2250 0.625
2251 0.4375
2252 0.487500011921
2253 0.524999976158
2254 0.487500011921
2255 0.550000011921
2256 0.512499988079
2257 0.449999988079
2258 0.550000011921
2259 0.587499976158
2260 0.41249999404
2261 0.425000011921
2262 0.47499999404
2263 0.40000000596
2264 0.40000000596
2265 0.375
2266 0.524999976158
2267 0.512499988079
2268 0.5
2269 0.5
2270 0.425000011921
2271 0.587499976158
2272 0.449999988079
2273 0.4375
2274 0.46250000596
2275 0.449999988079
2276 0.537500023842
2277 0.46250000596
2278 0.5625
2279 0.449999988079
2280 0.487500011921
2281 0.537500023842
2282 0.5625
2283 0.425000011921
2284 0.41249999404
2285 0.587499976158
2286 0.5
2287 0.5625
2288 0.487500011921
2289 0.537500023842
2290 0.487500011921
2291 0.487500011921
2292 0.637499988079
2293 0.362500011921
2294 0.47499999404
2295 0.512499988079
2296 0.5625
2297 0.46250000596
2298 0.47499999404
2299 0.524999976158
2300 0.47499999404
2301 0.387499988079
2302 0.524999976158
2303 0.47499999404
2304 0.574999988079
2305 0.449999988079
2306 0.5
2307 0.449999988079
2308 0.41249999404
2309 0.375
2310 0.524999976158
2311 0.512499988079
2312 0.574999988079
2313 0.512499988079
2314 0.487500011921
2315 0.5
2316 0.41249999404
2317 0.425000011921
2318 0.41249999404
2319 0.5625
2320 0.47499999404
2321 0.600000023842
2322 0.600000023842
2323 0.524999976158
2324 0.487500011921
2325 0.550000011921
2326 0.449999988079
2327 0.487500011921
2328 0.46250000596
2329 0.512499988079
2330 0.537500023842
2331 0.524999976158
2332 0.524999976158
2333 0.425000011921
2334 0.512499988079
2335 0.524999976158
2336 0.487500011921
2337 0.425000011921
2338 0.512499988079
2339 0.47499999404
2340 0.449999988079
2341 0.487500011921
2342 0.550000011921
2343 0.449999988079
2344 0.600000023842
2345 0.41249999404
2346 0.4375
2347 0.5
2348 0.574999988079
2349 0.512499988079
2350 0.537500023842
2351 0.5
2352 0.387499988079
2353 0.47499999404
2354 0.47499999404
2355 0.5
2356 0.487500011921
2357 0.425000011921
2358 0.5
2359 0.449999988079
2360 0.625
2361 0.324999988079
2362 0.5
2363 0.46250000596
2364 0.4375
2365 0.362500011921
2366 0.425000011921
2367 0.487500011921
2368 0.5
2369 0.5
2370 0.47499999404
2371 0.574999988079
2372 0.40000000596
2373 0.487500011921
2374 0.5
2375 0.449999988079
2376 0.550000011921
2377 0.587499976158
2378 0.46250000596
2379 0.41249999404
2380 0.537500023842
2381 0.512499988079
2382 0.46250000596
2383 0.487500011921
2384 0.449999988079
2385 0.5
2386 0.550000011921
2387 0.550000011921
2388 0.524999976158
2389 0.4375
2390 0.5
2391 0.41249999404
2392 0.675000011921
2393 0.524999976158
2394 0.41249999404
2395 0.600000023842
2396 0.34999999404
2397 0.600000023842
2398 0.5625
2399 0.487500011921
2400 0.487500011921
2401 0.47499999404
2402 0.46250000596
2403 0.487500011921
2404 0.387499988079
2405 0.47499999404
2406 0.4375
2407 0.5
2408 0.47499999404
2409 0.5625
2410 0.47499999404
2411 0.537500023842
2412 0.612500011921
2413 0.449999988079
2414 0.524999976158
2415 0.524999976158
2416 0.387499988079
2417 0.537500023842
2418 0.537500023842
2419 0.449999988079
2420 0.4375
2421 0.587499976158
2422 0.362500011921
2423 0.512499988079
2424 0.512499988079
2425 0.449999988079
2426 0.5
2427 0.46250000596
2428 0.524999976158
2429 0.550000011921
2430 0.487500011921
2431 0.5
2432 0.4375
2433 0.5625
2434 0.512499988079
2435 0.487500011921
2436 0.387499988079
2437 0.5625
2438 0.587499976158
2439 0.512499988079
2440 0.5
2441 0.487500011921
2442 0.550000011921
2443 0.47499999404
2444 0.47499999404
2445 0.47499999404
2446 0.425000011921
2447 0.5625
2448 0.5
2449 0.550000011921
2450 0.524999976158
2451 0.5
2452 0.537500023842
2453 0.550000011921
2454 0.47499999404
2455 0.512499988079
2456 0.375
2457 0.487500011921
2458 0.512499988079
2459 0.600000023842
2460 0.487500011921
2461 0.47499999404
2462 0.46250000596
2463 0.449999988079
2464 0.487500011921
2465 0.537500023842
2466 0.5
2467 0.4375
2468 0.550000011921
2469 0.5
2470 0.512499988079
2471 0.550000011921
2472 0.574999988079
2473 0.46250000596
2474 0.524999976158
2475 0.524999976158
2476 0.5625
2477 0.46250000596
2478 0.537500023842
2479 0.537500023842
2480 0.47499999404
2481 0.47499999404
2482 0.487500011921
2483 0.512499988079
2484 0.40000000596
2485 0.5
2486 0.5
2487 0.47499999404
2488 0.5
2489 0.524999976158
2490 0.612500011921
2491 0.5
2492 0.46250000596
2493 0.512499988079
2494 0.5
2495 0.537500023842
2496 0.41249999404
2497 0.5625
2498 0.524999976158
2499 0.46250000596
2500 0.5625
2501 0.537500023842
2502 0.425000011921
2503 0.625
2504 0.537500023842
2505 0.425000011921
2506 0.550000011921
2507 0.5
2508 0.5
2509 0.487500011921
2510 0.387499988079
2511 0.5
2512 0.550000011921
2513 0.637499988079
2514 0.537500023842
2515 0.46250000596
2516 0.537500023842
2517 0.5
2518 0.487500011921
2519 0.524999976158
2520 0.487500011921
2521 0.5
2522 0.574999988079
2523 0.487500011921
2524 0.524999976158
2525 0.46250000596
2526 0.612500011921
2527 0.524999976158
2528 0.46250000596
2529 0.637499988079
2530 0.512499988079
2531 0.425000011921
2532 0.47499999404
2533 0.5
2534 0.449999988079
2535 0.512499988079
2536 0.487500011921
2537 0.524999976158
2538 0.587499976158
2539 0.5625
2540 0.47499999404
2541 0.537500023842
2542 0.47499999404
2543 0.4375
2544 0.524999976158
2545 0.5
2546 0.524999976158
2547 0.46250000596
2548 0.5
2549 0.524999976158
2550 0.512499988079
2551 0.512499988079
2552 0.47499999404
2553 0.5
2554 0.512499988079
2555 0.5625
2556 0.449999988079
2557 0.4375
2558 0.449999988079
2559 0.537500023842
2560 0.524999976158
2561 0.512499988079
2562 0.47499999404
2563 0.487500011921
2564 0.5
2565 0.40000000596
2566 0.47499999404
2567 0.612500011921
2568 0.487500011921
2569 0.4375
2570 0.524999976158
2571 0.587499976158
2572 0.5
2573 0.425000011921
2574 0.537500023842
2575 0.625
2576 0.512499988079
2577 0.537500023842
2578 0.537500023842
2579 0.4375
2580 0.612500011921
2581 0.449999988079
2582 0.46250000596
2583 0.524999976158
2584 0.600000023842
2585 0.425000011921
2586 0.512499988079
2587 0.47499999404
2588 0.524999976158
2589 0.537500023842
2590 0.362500011921
2591 0.47499999404
2592 0.574999988079
2593 0.550000011921
2594 0.587499976158
2595 0.574999988079
2596 0.675000011921
2597 0.47499999404
2598 0.487500011921
2599 0.550000011921
2600 0.387499988079
2601 0.449999988079
2602 0.375
2603 0.47499999404
2604 0.550000011921
2605 0.47499999404
2606 0.5
2607 0.449999988079
2608 0.387499988079
2609 0.5
2610 0.524999976158
2611 0.600000023842
2612 0.524999976158
2613 0.512499988079
2614 0.487500011921
2615 0.4375
2616 0.46250000596
2617 0.5625
2618 0.449999988079
2619 0.41249999404
2620 0.487500011921
2621 0.487500011921
2622 0.487500011921
2623 0.46250000596
2624 0.537500023842
2625 0.449999988079
2626 0.46250000596
2627 0.524999976158
2628 0.47499999404
2629 0.47499999404
2630 0.524999976158
2631 0.524999976158
2632 0.47499999404
2633 0.600000023842
2634 0.5
2635 0.574999988079
2636 0.512499988079
2637 0.512499988079
2638 0.512499988079
2639 0.47499999404
2640 0.487500011921
2641 0.47499999404
2642 0.41249999404
2643 0.574999988079
2644 0.46250000596
2645 0.5
2646 0.425000011921
2647 0.487500011921
2648 0.5
2649 0.524999976158
2650 0.574999988079
2651 0.387499988079
2652 0.537500023842
2653 0.5
2654 0.5
2655 0.41249999404
2656 0.550000011921
2657 0.587499976158
2658 0.5
2659 0.5
2660 0.40000000596
2661 0.524999976158
2662 0.47499999404
2663 0.425000011921
2664 0.449999988079
2665 0.512499988079
2666 0.587499976158
2667 0.47499999404
2668 0.5625
2669 0.47499999404
2670 0.449999988079
2671 0.449999988079
2672 0.47499999404
2673 0.41249999404
2674 0.425000011921
2675 0.550000011921
2676 0.449999988079
2677 0.612500011921
2678 0.487500011921
2679 0.449999988079
2680 0.362500011921
2681 0.375
2682 0.487500011921
2683 0.512499988079
2684 0.512499988079
2685 0.4375
2686 0.46250000596
2687 0.47499999404
2688 0.425000011921
2689 0.425000011921
2690 0.47499999404
2691 0.612500011921
2692 0.587499976158
2693 0.487500011921
2694 0.487500011921
2695 0.487500011921
2696 0.5
2697 0.612500011921
2698 0.46250000596
2699 0.600000023842
2700 0.4375
2701 0.4375
2702 0.47499999404
2703 0.524999976158
2704 0.46250000596
2705 0.449999988079
2706 0.537500023842
2707 0.46250000596
2708 0.587499976158
2709 0.612500011921
2710 0.487500011921
2711 0.612500011921
2712 0.4375
2713 0.47499999404
2714 0.425000011921
2715 0.5
2716 0.612500011921
2717 0.537500023842
2718 0.46250000596
2719 0.387499988079
2720 0.5
2721 0.487500011921
2722 0.512499988079
2723 0.47499999404
2724 0.4375
2725 0.449999988079
2726 0.5625
2727 0.5
2728 0.550000011921
2729 0.5
2730 0.46250000596
2731 0.46250000596
2732 0.512499988079
2733 0.46250000596
2734 0.40000000596
2735 0.425000011921
2736 0.487500011921
2737 0.5625
2738 0.537500023842
2739 0.649999976158
2740 0.47499999404
2741 0.5625
2742 0.524999976158
2743 0.487500011921
2744 0.512499988079
2745 0.537500023842
2746 0.449999988079
2747 0.512499988079
2748 0.524999976158
2749 0.5
2750 0.487500011921
2751 0.487500011921
2752 0.47499999404
2753 0.537500023842
2754 0.46250000596
2755 0.587499976158
2756 0.40000000596
2757 0.487500011921
2758 0.5
2759 0.487500011921
2760 0.524999976158
2761 0.550000011921
2762 0.537500023842
2763 0.40000000596
2764 0.5625
2765 0.4375
2766 0.4375
2767 0.612500011921
2768 0.487500011921
2769 0.5
2770 0.5625
2771 0.47499999404
2772 0.487500011921
2773 0.425000011921
2774 0.524999976158
2775 0.487500011921
2776 0.512499988079
2777 0.550000011921
2778 0.425000011921
2779 0.587499976158
2780 0.574999988079
2781 0.512499988079
2782 0.512499988079
2783 0.47499999404
2784 0.5625
2785 0.487500011921
2786 0.487500011921
2787 0.47499999404
2788 0.47499999404
2789 0.487500011921
2790 0.449999988079
2791 0.537500023842
2792 0.47499999404
2793 0.46250000596
2794 0.487500011921
2795 0.46250000596
2796 0.4375
2797 0.487500011921
2798 0.574999988079
2799 0.5
2800 0.512499988079
2801 0.387499988079
2802 0.41249999404
2803 0.449999988079
2804 0.4375
2805 0.512499988079
2806 0.46250000596
2807 0.512499988079
2808 0.5
2809 0.512499988079
2810 0.550000011921
2811 0.550000011921
2812 0.537500023842
2813 0.41249999404
2814 0.550000011921
2815 0.512499988079
2816 0.5
2817 0.425000011921
2818 0.5
2819 0.612500011921
2820 0.449999988079
2821 0.537500023842
2822 0.5625
2823 0.487500011921
2824 0.46250000596
2825 0.512499988079
2826 0.537500023842
2827 0.47499999404
2828 0.537500023842
2829 0.512499988079
2830 0.524999976158
2831 0.41249999404
2832 0.487500011921
2833 0.574999988079
2834 0.375
2835 0.47499999404
2836 0.612500011921
2837 0.600000023842
2838 0.46250000596
2839 0.47499999404
2840 0.574999988079
2841 0.524999976158
2842 0.425000011921
2843 0.587499976158
2844 0.512499988079
2845 0.5
2846 0.46250000596
2847 0.425000011921
2848 0.5
2849 0.537500023842
2850 0.600000023842
2851 0.512499988079
2852 0.550000011921
2853 0.5
2854 0.4375
2855 0.5625
2856 0.524999976158
2857 0.487500011921
2858 0.625
2859 0.524999976158
2860 0.512499988079
2861 0.512499988079
2862 0.449999988079
2863 0.524999976158
2864 0.537500023842
2865 0.449999988079
2866 0.41249999404
2867 0.612500011921
2868 0.41249999404
2869 0.449999988079
2870 0.47499999404
2871 0.5625
2872 0.512499988079
2873 0.47499999404
2874 0.5
2875 0.4375
2876 0.4375
2877 0.512499988079
2878 0.524999976158
2879 0.47499999404
2880 0.5
2881 0.40000000596
2882 0.550000011921
2883 0.449999988079
2884 0.537500023842
2885 0.5625
2886 0.537500023842
2887 0.537500023842
2888 0.4375
2889 0.5
2890 0.47499999404
2891 0.47499999404
2892 0.5
2893 0.47499999404
2894 0.487500011921
2895 0.47499999404
2896 0.46250000596
2897 0.47499999404
2898 0.550000011921
2899 0.5625
2900 0.47499999404
2901 0.5
2902 0.524999976158
2903 0.550000011921
2904 0.5
2905 0.46250000596
2906 0.5
2907 0.5
2908 0.41249999404
2909 0.4375
2910 0.47499999404
2911 0.47499999404
2912 0.574999988079
2913 0.47499999404
2914 0.587499976158
2915 0.5625
2916 0.550000011921
2917 0.512499988079
2918 0.512499988079
2919 0.512499988079
2920 0.46250000596
2921 0.550000011921
2922 0.46250000596
2923 0.512499988079
2924 0.449999988079
2925 0.487500011921
2926 0.47499999404
2927 0.40000000596
2928 0.5
2929 0.487500011921
2930 0.40000000596
2931 0.574999988079
2932 0.46250000596
2933 0.5
2934 0.487500011921
2935 0.524999976158
2936 0.512499988079
2937 0.512499988079
2938 0.47499999404
2939 0.46250000596
2940 0.524999976158
2941 0.512499988079
2942 0.512499988079
2943 0.4375
2944 0.41249999404
2945 0.512499988079
2946 0.5
2947 0.550000011921
2948 0.40000000596
2949 0.5
2950 0.46250000596
2951 0.550000011921
2952 0.487500011921
2953 0.449999988079
2954 0.487500011921
2955 0.449999988079
2956 0.512499988079
2957 0.4375
2958 0.487500011921
2959 0.46250000596
2960 0.512499988079
2961 0.537500023842
2962 0.46250000596
2963 0.47499999404
2964 0.5
2965 0.625
2966 0.512499988079
2967 0.487500011921
2968 0.574999988079
2969 0.47499999404
2970 0.675000011921
2971 0.487500011921
2972 0.625
2973 0.512499988079
2974 0.574999988079
2975 0.425000011921
2976 0.46250000596
2977 0.41249999404
2978 0.587499976158
2979 0.524999976158
2980 0.5625
2981 0.47499999404
2982 0.587499976158
2983 0.41249999404
2984 0.46250000596
2985 0.662500023842
2986 0.512499988079
2987 0.512499988079
2988 0.47499999404
2989 0.5
2990 0.574999988079
2991 0.5
2992 0.5625
2993 0.487500011921
2994 0.449999988079
2995 0.46250000596
2996 0.425000011921
2997 0.574999988079
2998 0.524999976158
2999 0.40000000596
3000 0.41249999404
3001 0.625
3002 0.5
3003 0.550000011921
3004 0.550000011921
3005 0.387499988079
3006 0.5625
3007 0.5
3008 0.612500011921
3009 0.46250000596
3010 0.524999976158
3011 0.524999976158
3012 0.537500023842
3013 0.550000011921
3014 0.4375
3015 0.512499988079
3016 0.47499999404
3017 0.449999988079
3018 0.537500023842
3019 0.5
3020 0.612500011921
3021 0.5
3022 0.512499988079
3023 0.425000011921
3024 0.550000011921
3025 0.487500011921
3026 0.5
3027 0.46250000596
3028 0.41249999404
3029 0.5625
3030 0.524999976158
3031 0.574999988079
3032 0.5
3033 0.512499988079
3034 0.449999988079
3035 0.512499988079
3036 0.550000011921
3037 0.524999976158
3038 0.425000011921
3039 0.612500011921
3040 0.612500011921
3041 0.550000011921
3042 0.550000011921
3043 0.574999988079
3044 0.487500011921
3045 0.600000023842
3046 0.5625
3047 0.47499999404
3048 0.537500023842
3049 0.5
3050 0.5625
3051 0.46250000596
3052 0.512499988079
3053 0.5
3054 0.524999976158
3055 0.5
3056 0.487500011921
3057 0.537500023842
3058 0.47499999404
3059 0.512499988079
3060 0.574999988079
3061 0.5625
3062 0.47499999404
3063 0.40000000596
3064 0.537500023842
3065 0.449999988079
3066 0.574999988079
3067 0.524999976158
3068 0.5
3069 0.524999976158
3070 0.46250000596
3071 0.46250000596
3072 0.550000011921
3073 0.524999976158
3074 0.46250000596
3075 0.46250000596
3076 0.625
3077 0.537500023842
3078 0.524999976158
3079 0.574999988079
3080 0.5
3081 0.46250000596
3082 0.512499988079
3083 0.449999988079
3084 0.5625
3085 0.425000011921
3086 0.5
3087 0.46250000596
3088 0.487500011921
3089 0.524999976158
3090 0.41249999404
3091 0.5625
3092 0.47499999404
3093 0.487500011921
3094 0.587499976158
3095 0.47499999404
3096 0.487500011921
3097 0.600000023842
3098 0.4375
3099 0.574999988079
3100 0.47499999404
3101 0.487500011921
3102 0.512499988079
3103 0.40000000596
3104 0.5
3105 0.537500023842
3106 0.5625
3107 0.387499988079
3108 0.5
3109 0.550000011921
3110 0.5
3111 0.5
3112 0.537500023842
3113 0.46250000596
3114 0.5
3115 0.46250000596
3116 0.487500011921
3117 0.512499988079
3118 0.550000011921
3119 0.524999976158
3120 0.5
3121 0.662500023842
3122 0.537500023842
3123 0.487500011921
3124 0.5625
3125 0.574999988079
3126 0.550000011921
3127 0.524999976158
3128 0.487500011921
3129 0.574999988079
3130 0.4375
3131 0.524999976158
3132 0.512499988079
3133 0.487500011921
3134 0.537500023842
3135 0.5
3136 0.524999976158
3137 0.46250000596
3138 0.449999988079
3139 0.47499999404
3140 0.487500011921
3141 0.512499988079
3142 0.47499999404
3143 0.5625
3144 0.487500011921
3145 0.524999976158
3146 0.40000000596
3147 0.46250000596
3148 0.512499988079
3149 0.41249999404
3150 0.33750000596
3151 0.41249999404
3152 0.524999976158
3153 0.425000011921
3154 0.487500011921
3155 0.5625
3156 0.4375
3157 0.4375
3158 0.449999988079
3159 0.41249999404
3160 0.625
3161 0.512499988079
3162 0.4375
3163 0.487500011921
3164 0.524999976158
3165 0.512499988079
3166 0.5
3167 0.512499988079
3168 0.46250000596
3169 0.487500011921
3170 0.537500023842
3171 0.487500011921
3172 0.5
3173 0.41249999404
3174 0.387499988079
3175 0.649999976158
3176 0.487500011921
3177 0.46250000596
3178 0.47499999404
3179 0.41249999404
3180 0.550000011921
3181 0.449999988079
3182 0.5
3183 0.600000023842
3184 0.5625
3185 0.4375
3186 0.537500023842
3187 0.47499999404
3188 0.46250000596
3189 0.46250000596
3190 0.524999976158
3191 0.5625
3192 0.425000011921
3193 0.512499988079
3194 0.47499999404
3195 0.537500023842
3196 0.47499999404
3197 0.47499999404
3198 0.47499999404
3199 0.537500023842
3200 0.4375
3201 0.5
3202 0.537500023842
3203 0.537500023842
3204 0.449999988079
3205 0.487500011921
3206 0.5625
3207 0.449999988079
3208 0.537500023842
3209 0.449999988079
3210 0.637499988079
3211 0.550000011921
3212 0.537500023842
3213 0.4375
3214 0.487500011921
3215 0.5625
3216 0.4375
3217 0.425000011921
3218 0.487500011921
3219 0.5
3220 0.5
3221 0.5
3222 0.425000011921
3223 0.362500011921
3224 0.5625
3225 0.512499988079
3226 0.46250000596
3227 0.600000023842
3228 0.41249999404
3229 0.46250000596
3230 0.524999976158
3231 0.574999988079
3232 0.487500011921
3233 0.524999976158
3234 0.537500023842
3235 0.40000000596
3236 0.512499988079
3237 0.449999988079
3238 0.5625
3239 0.550000011921
3240 0.47499999404
3241 0.524999976158
3242 0.537500023842
3243 0.5
3244 0.487500011921
3245 0.41249999404
3246 0.47499999404
3247 0.524999976158
3248 0.487500011921
3249 0.4375
3250 0.587499976158
3251 0.33750000596
3252 0.5
3253 0.47499999404
3254 0.425000011921
3255 0.512499988079
3256 0.5625
3257 0.487500011921
3258 0.5625
3259 0.425000011921
3260 0.47499999404
3261 0.47499999404
3262 0.46250000596
3263 0.524999976158
3264 0.550000011921
3265 0.550000011921
3266 0.46250000596
3267 0.46250000596
3268 0.550000011921
3269 0.537500023842
3270 0.46250000596
3271 0.46250000596
3272 0.425000011921
3273 0.537500023842
3274 0.5625
3275 0.524999976158
3276 0.425000011921
3277 0.46250000596
3278 0.449999988079
3279 0.600000023842
3280 0.487500011921
3281 0.524999976158
3282 0.4375
3283 0.587499976158
3284 0.662500023842
3285 0.46250000596
3286 0.587499976158
3287 0.512499988079
3288 0.41249999404
3289 0.537500023842
3290 0.512499988079
3291 0.47499999404
3292 0.524999976158
3293 0.425000011921
3294 0.5625
3295 0.537500023842
3296 0.47499999404
3297 0.46250000596
3298 0.487500011921
3299 0.524999976158
3300 0.574999988079
3301 0.487500011921
3302 0.612500011921
3303 0.550000011921
3304 0.41249999404
3305 0.512499988079
3306 0.600000023842
3307 0.5
3308 0.449999988079
3309 0.5625
3310 0.487500011921
3311 0.487500011921
3312 0.449999988079
3313 0.47499999404
3314 0.537500023842
3315 0.550000011921
3316 0.537500023842
3317 0.512499988079
3318 0.512499988079
3319 0.574999988079
3320 0.375
3321 0.449999988079
3322 0.537500023842
3323 0.4375
3324 0.46250000596
3325 0.46250000596
3326 0.487500011921
3327 0.550000011921
3328 0.537500023842
3329 0.600000023842
3330 0.449999988079
3331 0.4375
3332 0.625
3333 0.47499999404
3334 0.449999988079
3335 0.537500023842
3336 0.537500023842
3337 0.40000000596
3338 0.40000000596
3339 0.550000011921
3340 0.537500023842
3341 0.550000011921
3342 0.425000011921
3343 0.387499988079
3344 0.46250000596
3345 0.5
3346 0.387499988079
3347 0.47499999404
3348 0.487500011921
3349 0.5
3350 0.487500011921
3351 0.524999976158
3352 0.600000023842
3353 0.662500023842
3354 0.524999976158
3355 0.512499988079
3356 0.550000011921
3357 0.512499988079
3358 0.524999976158
3359 0.47499999404
3360 0.40000000596
3361 0.449999988079
3362 0.487500011921
3363 0.5
3364 0.40000000596
3365 0.5
3366 0.387499988079
3367 0.449999988079
3368 0.5
3369 0.574999988079
3370 0.512499988079
3371 0.46250000596
3372 0.524999976158
3373 0.487500011921
3374 0.487500011921
3375 0.537500023842
3376 0.524999976158
3377 0.449999988079
3378 0.512499988079
3379 0.449999988079
3380 0.537500023842
3381 0.46250000596
3382 0.512499988079
3383 0.40000000596
3384 0.46250000596
3385 0.449999988079
3386 0.47499999404
3387 0.537500023842
3388 0.649999976158
3389 0.587499976158
3390 0.487500011921
3391 0.387499988079
3392 0.537500023842
3393 0.375
3394 0.524999976158
3395 0.524999976158
3396 0.600000023842
3397 0.587499976158
3398 0.47499999404
3399 0.5625
3400 0.5
3401 0.550000011921
3402 0.47499999404
3403 0.5625
3404 0.537500023842
3405 0.34999999404
3406 0.524999976158
3407 0.537500023842
3408 0.524999976158
3409 0.574999988079
3410 0.387499988079
3411 0.5
3412 0.449999988079
3413 0.362500011921
3414 0.4375
3415 0.487500011921
3416 0.425000011921
3417 0.487500011921
3418 0.600000023842
3419 0.46250000596
3420 0.47499999404
3421 0.512499988079
3422 0.449999988079
3423 0.5
3424 0.449999988079
3425 0.46250000596
3426 0.550000011921
3427 0.524999976158
3428 0.524999976158
3429 0.524999976158
3430 0.5625
3431 0.362500011921
3432 0.649999976158
3433 0.47499999404
3434 0.47499999404
3435 0.524999976158
3436 0.574999988079
3437 0.487500011921
3438 0.387499988079
3439 0.387499988079
3440 0.587499976158
3441 0.449999988079
3442 0.425000011921
3443 0.47499999404
3444 0.4375
3445 0.425000011921
3446 0.524999976158
3447 0.41249999404
3448 0.449999988079
3449 0.5
3450 0.550000011921
3451 0.524999976158
3452 0.5625
3453 0.537500023842
3454 0.524999976158
3455 0.550000011921
3456 0.5625
3457 0.574999988079
3458 0.587499976158
3459 0.550000011921
3460 0.574999988079
3461 0.574999988079
3462 0.524999976158
3463 0.574999988079
3464 0.512499988079
3465 0.5625
3466 0.41249999404
3467 0.5
3468 0.487500011921
3469 0.487500011921
3470 0.46250000596
3471 0.5
3472 0.425000011921
3473 0.524999976158
3474 0.375
3475 0.34999999404
3476 0.512499988079
3477 0.587499976158
3478 0.425000011921
3479 0.512499988079
3480 0.512499988079
3481 0.524999976158
3482 0.512499988079
3483 0.5
3484 0.512499988079
3485 0.537500023842
3486 0.387499988079
3487 0.47499999404
3488 0.4375
3489 0.5
3490 0.5625
3491 0.46250000596
3492 0.5
3493 0.425000011921
3494 0.5
3495 0.537500023842
3496 0.550000011921
3497 0.487500011921
3498 0.46250000596
3499 0.46250000596
3500 0.40000000596
3501 0.600000023842
3502 0.425000011921
3503 0.46250000596
3504 0.449999988079
3505 0.449999988079
3506 0.512499988079
3507 0.487500011921
3508 0.612500011921
3509 0.5
3510 0.537500023842
3511 0.5
3512 0.550000011921
3513 0.47499999404
3514 0.537500023842
3515 0.524999976158
3516 0.425000011921
3517 0.550000011921
3518 0.649999976158
3519 0.449999988079
3520 0.41249999404
3521 0.537500023842
3522 0.46250000596
3523 0.524999976158
3524 0.5625
3525 0.4375
3526 0.449999988079
3527 0.487500011921
3528 0.5625
3529 0.512499988079
3530 0.5625
3531 0.387499988079
3532 0.5625
3533 0.362500011921
3534 0.46250000596
3535 0.5625
3536 0.587499976158
3537 0.425000011921
3538 0.487500011921
3539 0.550000011921
3540 0.41249999404
3541 0.5
3542 0.5
3543 0.387499988079
3544 0.5
3545 0.5
3546 0.5625
3547 0.5
3548 0.487500011921
3549 0.487500011921
3550 0.449999988079
3551 0.449999988079
3552 0.4375
3553 0.512499988079
3554 0.47499999404
3555 0.425000011921
3556 0.550000011921
3557 0.5
3558 0.512499988079
3559 0.47499999404
3560 0.47499999404
3561 0.487500011921
3562 0.524999976158
3563 0.449999988079
3564 0.487500011921
3565 0.512499988079
3566 0.524999976158
3567 0.524999976158
3568 0.550000011921
3569 0.46250000596
3570 0.524999976158
3571 0.46250000596
3572 0.600000023842
3573 0.512499988079
3574 0.5
3575 0.512499988079
3576 0.574999988079
3577 0.425000011921
3578 0.600000023842
3579 0.5
3580 0.425000011921
3581 0.4375
3582 0.512499988079
3583 0.487500011921
3584 0.574999988079
3585 0.487500011921
3586 0.612500011921
3587 0.41249999404
3588 0.47499999404
3589 0.5625
3590 0.537500023842
3591 0.537500023842
3592 0.47499999404
3593 0.449999988079
3594 0.537500023842
3595 0.4375
3596 0.524999976158
3597 0.5625
3598 0.524999976158
3599 0.425000011921
3600 0.487500011921
3601 0.362500011921
3602 0.574999988079
3603 0.46250000596
3604 0.46250000596
3605 0.47499999404
3606 0.537500023842
3607 0.47499999404
3608 0.47499999404
3609 0.5
3610 0.4375
3611 0.487500011921
3612 0.587499976158
3613 0.46250000596
3614 0.47499999404
3615 0.487500011921
3616 0.47499999404
3617 0.47499999404
3618 0.47499999404
3619 0.449999988079
3620 0.449999988079
3621 0.512499988079
3622 0.537500023842
3623 0.5625
3624 0.625
3625 0.40000000596
3626 0.512499988079
3627 0.5625
3628 0.574999988079
3629 0.524999976158
3630 0.47499999404
3631 0.449999988079
3632 0.537500023842
3633 0.5625
3634 0.512499988079
3635 0.47499999404
3636 0.574999988079
3637 0.46250000596
3638 0.587499976158
3639 0.46250000596
3640 0.512499988079
3641 0.5625
3642 0.449999988079
3643 0.550000011921
3644 0.4375
3645 0.425000011921
3646 0.46250000596
3647 0.550000011921
3648 0.574999988079
3649 0.524999976158
3650 0.41249999404
3651 0.512499988079
3652 0.600000023842
3653 0.4375
3654 0.425000011921
3655 0.537500023842
3656 0.512499988079
3657 0.47499999404
3658 0.600000023842
3659 0.524999976158
3660 0.46250000596
3661 0.46250000596
3662 0.550000011921
3663 0.524999976158
3664 0.537500023842
3665 0.574999988079
3666 0.487500011921
3667 0.4375
3668 0.512499988079
3669 0.487500011921
3670 0.46250000596
3671 0.387499988079
3672 0.487500011921
3673 0.5
3674 0.550000011921
3675 0.524999976158
3676 0.625
3677 0.524999976158
3678 0.47499999404
3679 0.487500011921
3680 0.5
3681 0.487500011921
3682 0.612500011921
3683 0.574999988079
3684 0.375
3685 0.5
3686 0.47499999404
3687 0.574999988079
3688 0.5625
3689 0.487500011921
3690 0.47499999404
3691 0.5
3692 0.362500011921
3693 0.5625
3694 0.5
3695 0.524999976158
3696 0.449999988079
3697 0.47499999404
3698 0.600000023842
3699 0.537500023842
3700 0.537500023842
3701 0.449999988079
3702 0.5625
3703 0.487500011921
3704 0.4375
3705 0.47499999404
3706 0.550000011921
3707 0.537500023842
3708 0.574999988079
3709 0.5
3710 0.512499988079
3711 0.512499988079
3712 0.41249999404
3713 0.512499988079
3714 0.5625
3715 0.5625
3716 0.524999976158
3717 0.524999976158
3718 0.4375
3719 0.550000011921
3720 0.550000011921
3721 0.512499988079
3722 0.550000011921
3723 0.600000023842
3724 0.487500011921
3725 0.487500011921
3726 0.5
3727 0.550000011921
3728 0.47499999404
3729 0.47499999404
3730 0.46250000596
3731 0.574999988079
3732 0.524999976158
3733 0.512499988079
3734 0.550000011921
3735 0.550000011921
3736 0.524999976158
3737 0.375
3738 0.4375
3739 0.4375
3740 0.550000011921
3741 0.47499999404
3742 0.375
3743 0.600000023842
3744 0.487500011921
3745 0.425000011921
3746 0.47499999404
3747 0.537500023842
3748 0.574999988079
3749 0.40000000596
3750 0.47499999404
3751 0.487500011921
3752 0.41249999404
3753 0.487500011921
3754 0.524999976158
3755 0.449999988079
3756 0.425000011921
3757 0.46250000596
3758 0.5625
3759 0.46250000596
3760 0.449999988079
3761 0.524999976158
3762 0.4375
3763 0.4375
3764 0.5
3765 0.449999988079
3766 0.487500011921
3767 0.5625
3768 0.5
3769 0.512499988079
3770 0.5625
3771 0.487500011921
3772 0.449999988079
3773 0.4375
3774 0.512499988079
3775 0.524999976158
3776 0.487500011921
3777 0.537500023842
3778 0.550000011921
3779 0.537500023842
3780 0.47499999404
3781 0.524999976158
3782 0.47499999404
3783 0.4375
3784 0.487500011921
3785 0.40000000596
3786 0.47499999404
3787 0.41249999404
3788 0.4375
3789 0.512499988079
3790 0.574999988079
3791 0.387499988079
3792 0.524999976158
3793 0.612500011921
3794 0.387499988079
3795 0.574999988079
3796 0.47499999404
3797 0.5625
3798 0.512499988079
3799 0.524999976158
3800 0.537500023842
3801 0.5625
3802 0.47499999404
3803 0.4375
3804 0.512499988079
3805 0.46250000596
3806 0.4375
3807 0.4375
3808 0.47499999404
3809 0.612500011921
3810 0.449999988079
3811 0.46250000596
3812 0.574999988079
3813 0.40000000596
3814 0.487500011921
3815 0.5
3816 0.41249999404
3817 0.46250000596
3818 0.47499999404
3819 0.512499988079
3820 0.5
3821 0.487500011921
3822 0.47499999404
3823 0.512499988079
3824 0.600000023842
3825 0.512499988079
3826 0.524999976158
3827 0.487500011921
3828 0.5
3829 0.550000011921
3830 0.449999988079
3831 0.512499988079
3832 0.550000011921
3833 0.574999988079
3834 0.5
3835 0.537500023842
3836 0.487500011921
3837 0.425000011921
3838 0.512499988079
3839 0.449999988079
3840 0.537500023842
3841 0.487500011921
3842 0.512499988079
3843 0.5
3844 0.487500011921
3845 0.47499999404
3846 0.41249999404
3847 0.5
3848 0.5
3849 0.4375
3850 0.550000011921
3851 0.550000011921
3852 0.524999976158
3853 0.487500011921
3854 0.46250000596
3855 0.46250000596
3856 0.47499999404
3857 0.5
3858 0.537500023842
3859 0.524999976158
3860 0.512499988079
3861 0.47499999404
3862 0.537500023842
3863 0.449999988079
3864 0.5625
3865 0.512499988079
3866 0.449999988079
3867 0.47499999404
3868 0.41249999404
3869 0.47499999404
3870 0.4375
3871 0.5
3872 0.46250000596
3873 0.600000023842
3874 0.537500023842
3875 0.47499999404
3876 0.524999976158
3877 0.512499988079
3878 0.449999988079
3879 0.574999988079
3880 0.47499999404
3881 0.512499988079
3882 0.47499999404
3883 0.524999976158
3884 0.537500023842
3885 0.449999988079
3886 0.46250000596
3887 0.550000011921
3888 0.537500023842
3889 0.524999976158
3890 0.387499988079
3891 0.46250000596
3892 0.587499976158
3893 0.537500023842
3894 0.537500023842
3895 0.487500011921
3896 0.47499999404
3897 0.574999988079
3898 0.5
3899 0.487500011921
3900 0.524999976158
3901 0.5
3902 0.550000011921
3903 0.375
3904 0.387499988079
3905 0.487500011921
3906 0.5
3907 0.449999988079
3908 0.425000011921
3909 0.487500011921
3910 0.5
3911 0.47499999404
3912 0.33750000596
3913 0.550000011921
3914 0.587499976158
3915 0.46250000596
3916 0.5625
3917 0.46250000596
3918 0.625
3919 0.449999988079
3920 0.47499999404
3921 0.46250000596
3922 0.425000011921
3923 0.625
3924 0.46250000596
3925 0.587499976158
3926 0.537500023842
3927 0.524999976158
3928 0.5
3929 0.5
3930 0.524999976158
3931 0.425000011921
3932 0.512499988079
3933 0.524999976158
3934 0.574999988079
3935 0.46250000596
3936 0.524999976158
3937 0.5
3938 0.512499988079
3939 0.47499999404
3940 0.600000023842
3941 0.40000000596
3942 0.487500011921
3943 0.41249999404
3944 0.40000000596
3945 0.47499999404
3946 0.40000000596
3947 0.47499999404
3948 0.47499999404
3949 0.512499988079
3950 0.425000011921
3951 0.425000011921
3952 0.40000000596
3953 0.41249999404
3954 0.612500011921
3955 0.46250000596
3956 0.487500011921
3957 0.41249999404
3958 0.5625
3959 0.512499988079
3960 0.41249999404
3961 0.524999976158
3962 0.46250000596
3963 0.5
3964 0.487500011921
3965 0.524999976158
3966 0.550000011921
3967 0.587499976158
3968 0.487500011921
3969 0.46250000596
3970 0.550000011921
3971 0.5
3972 0.512499988079
3973 0.550000011921
3974 0.574999988079
3975 0.425000011921
3976 0.600000023842
3977 0.524999976158
3978 0.512499988079
3979 0.574999988079
3980 0.550000011921
3981 0.449999988079
3982 0.4375
3983 0.5
3984 0.512499988079
3985 0.449999988079
3986 0.41249999404
3987 0.5
3988 0.600000023842
3989 0.550000011921
3990 0.5
3991 0.4375
3992 0.5
3993 0.425000011921
3994 0.449999988079
3995 0.46250000596
3996 0.375
3997 0.524999976158
3998 0.550000011921
3999 0.5
