0 0.612500011921
1 0.625
2 0.616666674614
3 0.609375
4 0.585000002384
5 0.57083333532
6 0.5625
7 0.56718750298
8 0.561111112436
9 0.546250000596
10 0.540909092535
11 0.53750000149
12 0.537500003209
13 0.53392857526
14 0.525000003974
15 0.525781255215
16 0.522794122205
17 0.524305560523
18 0.522368426386
19 0.526250006258
20 0.525595243488
21 0.523863642053
22 0.521739135618
23 0.517708338797
24 0.517500004768
25 0.513942312736
26 0.51666667064
27 0.514732146902
28 0.511206900251
29 0.509583337108
30 0.508064519974
31 0.507812503725
32 0.507954548706
33 0.506985297098
34 0.506785717181
35 0.507291668819
36 0.507432434204
37 0.506578948937
38 0.508333334556
39 0.508750000596
40 0.509451220675
41 0.510119049322
42 0.508430234222
43 0.507954547351
44 0.509166668521
45 0.510054349899
46 0.511968087643
47 0.508593752359
48 0.509438778065
49 0.509500002265
50 0.510784315712
51 0.508894232603
52 0.508490568062
53 0.507407409173
54 0.507500001517
55 0.507589286992
56 0.50701754501
57 0.50711206989
58 0.505932204299
59 0.506250000497
60 0.506967213799
61 0.507862903899
62 0.5071428579
63 0.506640625652
64 0.506730769689
65 0.507007575848
66 0.50708955215
67 0.506066176383
68 0.505797101536
69 0.504999999915
70 0.505633802901
71 0.506597222139
72 0.506506849233
73 0.505574324244
74 0.506000000238
75 0.505921052867
76 0.505357143167
77 0.505929487638
78 0.505063291592
79 0.505312500149
80 0.505555555408
81 0.505487804733
82 0.506024096386
83 0.506845237953
84 0.506911764425
85 0.506686046373
86 0.506178160851
87 0.507102272389
88 0.506039325441
89 0.506944443782
90 0.506318680533
91 0.506521738094
92 0.506317203404
93 0.505452126899
94 0.506052630826
95 0.506249999007
96 0.506572164211
97 0.506760203108
98 0.505808079785
99 0.505624999106
100 0.505321781234
101 0.50428921481
102 0.50412621284
103 0.504687499255
104 0.505357142006
105 0.504716980289
106 0.503855139296
107 0.504282406635
108 0.503784402795
109 0.50329545357
110 0.502702701736
111 0.503348213221
112 0.503650441634
113 0.503947367794
114 0.503586955952
115 0.504418103089
116 0.504273504019
117 0.505084745712
118 0.504831932673
119 0.505416666468
120 0.504442148465
121 0.505327868657
122 0.50487804849
123 0.5050403221
124 0.504799999475
125 0.505357142242
126 0.504527558492
127 0.504589843098
128 0.504651162051
129 0.504423076144
130 0.504770991684
131 0.504924241566
132 0.504229322412
133 0.504197760304
134 0.503240739858
135 0.503400734242
136 0.504014597322
137 0.50371376695
138 0.504316545433
139 0.504821427166
140 0.503989360223
141 0.503785209757
142 0.504195802695
143 0.503819442872
144 0.503879308701
145 0.504023970806
146 0.50365646072
147 0.503462835945
148 0.504026843597
149 0.5034166646
150 0.503559600439
151 0.503618418778
152 0.503267971519
153 0.502678569068
154 0.502580642892
155 0.502403843861
156 0.502627386409
157 0.502610757381
158 0.502751570078
159 0.501796872728
160 0.501785712027
161 0.502083331163
162 0.50207054999
163 0.501905485624
164 0.501515149348
165 0.5017319257
166 0.501721554888
167 0.501860116919
168 0.501701181281
169 0.501397056615
170 0.501608185078
171 0.501526160815
172 0.500939304429
173 0.500574710725
174 0.500928569521
175 0.500568179922
176 0.500494348464
177 0.500070222978
178 0.500349160346
179 0.500208331645
180 0.500276241349
181 0.500412086045
182 0.500614752372
183 0.50095108524
184 0.500945944238
185 0.50087365428
186 0.500935827188
187 0.500864360085
188 0.500727511588
189 0.500460524622
190 0.500719893665
191 0.500585935855
192 0.50051813314
193 0.500193297402
194 0.499999998472
195 0.499617345479
196 0.499365480721
197 0.499621210676
198 0.49962311414
199 0.499562498629
200 0.499440297114
201 0.499195543109
202 0.498768471438
203 0.498897057246
204 0.498719510654
205 0.498968445126
206 0.498792269092
207 0.498978364066
208 0.499282295339
209 0.49928571298
210 0.499348339876
211 0.499587262858
212 0.499178402441
213 0.499532708916
214 0.499883719516
215 0.499999998482
216 0.499769583688
217 0.499713301249
218 0.500171231489
219 0.500284089419
220 0.499886876318
221 0.499662160605
222 0.49966367558
223 0.49949776634
224 0.49983333177
225 0.500221237277
226 0.500220262663
227 0.500219296599
228 0.500436679635
229 0.500706520158
230 0.500865799395
231 0.500269395139
232 0.500590127297
233 0.500747861898
234 0.500531913499
235 0.500211863068
236 0.500263711697
237 0.500367645581
238 0.500470709726
239 0.500416665152
240 0.500518670592
241 0.500826444631
242 0.50108024527
243 0.500870899954
244 0.50071428406
245 0.500508128385
246 0.500657893144
247 0.500604837171
248 0.500602408107
249 0.500699998379
250 0.500846612026
251 0.500843252454
252 0.500889326508
253 0.500639762231
254 0.500343135759
255 0.50058593601
256 0.50102139934
257 0.501114339561
258 0.500820461848
259 0.500673075479
260 0.50071838932
261 0.500763357254
262 0.500570340642
263 0.50056818026
264 0.500188677716
265 0.500234960837
266 0.499953182003
267 0.499999998443
268 0.499907061624
269 0.499999998344
270 0.49999999835
271 0.499816174783
272 0.49995421086
273 0.500136859769
274 0.500272725821
275 0.500407607335
276 0.500586641287
277 0.50080935121
278 0.500716844554
279 0.500803570024
280 0.500934162386
281 0.500975175952
282 0.500618373231
283 0.500308097248
284 0.500570174058
285 0.500218530114
286 0.500174214719
287 0.499913193182
288 0.50004325142
289 0.500129309091
290 0.500257730791
291 0.500342464508
292 0.50021330936
293 0.500382651885
294 0.500593219167
295 0.500633444738
296 0.500631311927
297 0.500713085968
298 0.500877925185
299 0.500958332022
300 0.500872091697
301 0.500827813287
302 0.500990097771
303 0.500945722488
304 0.501147539792
305 0.500776142564
306 0.50057003135
307 0.500689933923
308 0.500606794959
309 0.500322579472
310 0.500120577609
311 0.500400639784
312 0.499960062698
313 0.500159234473
314 0.500158728967
315 0.50015822666
316 0.500157727522
317 0.499724841624
318 0.499647334265
319 0.499726561271
320 0.499727413105
321 0.499728259648
322 0.500116097853
323 0.500077159316
324 0.500230768094
325 0.499808281112
326 0.499770641145
327 0.499847559849
328 0.500075986682
329 0.500113635172
330 0.500302113615
331 0.500414155513
332 0.500412911803
333 0.500449100654
334 0.500485073453
335 0.500186010752
336 0.49999999885
337 0.50022189231
338 0.500110618309
339 0.500367645832
340 0.500403224548
341 0.500109647885
342 0.500145771326
343 0.500109010398
344 0.500072462576
345 0.50010838028
346 0.499891929651
347 0.499712642496
348 0.500107448644
349 0.500214284573
350 0.500284899079
351 0.500390623865
352 0.500035409634
353 0.499894066635
354 0.500140843845
355 0.50035112234
356 0.500280110776
357 0.500418993181
358 0.50034818817
359 0.50034722098
360 0.500277007055
361 0.500414363422
362 0.500137739848
363 0.499965658145
364 0.499965752233
365 0.500034151751
366 0.500068118608
367 0.499830161748
368 0.499932248095
369 0.500135133879
370 0.500235847868
371 0.500268815987
372 0.50040214359
373 0.500467913195
374 0.500633332094
375 0.500664892349
376 0.500629972242
377 0.500496030485
378 0.50023086947
379 0.500361840897
380 0.500229657557
381 0.500130888835
382 0.500228458378
383 0.500358071799
384 0.500422076745
385 0.500388599894
386 0.500516794757
387 0.500515462811
388 0.50054627136
389 0.500544870664
390 0.500767262238
391 0.500797192661
392 0.500636131102
393 0.500380709465
394 0.500411391183
395 0.500536614973
396 0.500535263298
397 0.500596732425
398 0.500689221878
399 0.500718748793
400 0.500748128442
401 0.500777361924
402 0.500775432986
403 0.50052598886
404 0.500277776556
405 0.50018472786
406 0.50003071133
407 0.499938724307
408 0.499908311807
409 0.499725608637
410 0.499695862659
411 0.49966626108
412 0.499667069164
413 0.499516907162
414 0.499578312147
415 0.49957932582
416 0.499880094823
417 0.499940190233
418 0.500059664747
419 0.500029760812
420 0.500118763812
421 0.500088861556
422 0.500059100683
423 0.500058961294
424 0.500058822562
425 0.500322769016
426 0.500175643093
427 0.500058410254
428 0.5000582741
429 0.500232557155
430 0.500058003686
431 0.499999999034
432 0.500115472505
433 0.499999999039
434 0.499913792158
435 0.500057338506
436 0.500057207297
437 0.499885843837
438 0.499943051428
439 0.500028408183
440 0.50005668841
441 0.499717193626
442 0.499576748494
443 0.499605854889
444 0.499634830469
445 0.499635649235
446 0.499440714884
447 0.499581472216
448 0.499387526831
449 0.499333332313
450 0.499334810512
451 0.499170352993
452 0.498923840046
453 0.499008809614
454 0.498763735281
455 0.498711621814
456 0.49885120251
457 0.498771833085
458 0.498692809497
459 0.498641303376
460 0.498535790761
461 0.498836579067
462 0.498839091856
463 0.498895473072
464 0.498951611788
465 0.498927037539
466 0.498902568534
467 0.498798075841
468 0.498800638579
469 0.498696807407
470 0.498752652776
471 0.498543431067
472 0.498625791728
473 0.498681433467
474 0.498631577805
475 0.498608192163
476 0.498532493659
477 0.498430961221
478 0.498486428893
479 0.498463540524
480 0.498440747325
481 0.498651451219
482 0.498757762939
483 0.498657023734
484 0.498530926778
485 0.498533949563
486 0.498588294586
487 0.498796105507
488 0.498619630841
489 0.498622447921
490 0.498599795302
491 0.498704267287
492 0.498681540603
493 0.498836031387
494 0.498838382839
495 0.498840724809
496 0.498918510119
497 0.4987700794
498 0.498997995096
499 0.499024999082
500 0.498877244617
501 0.498730078815
502 0.498707752638
503 0.498735118184
504 0.498861385277
505 0.49883893197
506 0.498865876854
507 0.498769684159
508 0.498747543349
509 0.498774508927
510 0.498654597951
511 0.498583983514
512 0.498562377331
513 0.498808364924
514 0.4988349506
515 0.49876453404
516 0.498839457618
517 0.498696910426
518 0.498627166872
519 0.498725960805
520 0.498536467609
521 0.49849137858
522 0.498303058555
523 0.498234732119
524 0.49842857077
525 0.498502851099
526 0.498481972846
527 0.49862689333
528 0.498605859528
529 0.498584905098
530 0.498799434489
531 0.49866071377
532 0.498499061388
533 0.498572096898
534 0.498551401412
535 0.498530783148
536 0.498463686729
537 0.498443308151
538 0.498399814062
539 0.498402777369
540 0.49835951899
541 0.498431733943
542 0.498342541041
543 0.498460477547
544 0.498325687702
545 0.4982600729
546 0.498148994156
547 0.498220802604
548 0.498132968698
549 0.498068181493
550 0.497912885327
551 0.49802989097
552 0.498101265532
553 0.498127256006
554 0.498265765433
555 0.498313848546
556 0.498294434117
557 0.498230286397
558 0.498188729523
559 0.498258928263
560 0.498284313396
561 0.498331850163
562 0.498312610663
563 0.498315602488
564 0.498252212052
565 0.49834363926
566 0.498434743974
567 0.49837147859
568 0.498352372322
569 0.498333333093
570 0.498226794856
571 0.498142482257
572 0.498189353974
573 0.498148954392
574 0.498173912712
575 0.497960069113
576 0.497920276955
577 0.497967127646
578 0.498013816504
579 0.497931034041
580 0.498063682843
581 0.498088487491
582 0.497984562127
583 0.49790239676
584 0.497905982407
585 0.498101535358
586 0.498062180092
587 0.498065475704
588 0.49819609457
589 0.498241524878
590 0.498244500301
591 0.498331925152
592 0.498334738095
593 0.498484847923
594 0.498340335563
595 0.498468959141
596 0.498492461703
597 0.49849498267
598 0.4985600996
599 0.498520832757
600 0.498481696586
601 0.498504982785
602 0.498486732418
603 0.498406456352
604 0.49832644566
605 0.498308580258
606 0.49827018061
607 0.498416940142
608 0.498522166842
609 0.498422130503
610 0.49842471294
611 0.498325162756
612 0.498348286451
613 0.498412051496
614 0.49837398311
615 0.498315746134
616 0.498338735181
617 0.498199837542
618 0.498283521183
619 0.49840725742
620 0.498530595151
621 0.498613343409
622 0.498695826023
623 0.498577723757
624 0.49853999939
625 0.498622203883
626 0.498684209975
627 0.498546973962
628 0.498469792745
629 0.498551586743
630 0.498652931297
631 0.498674841197
632 0.498499209517
633 0.498501576695
634 0.498622046634
635 0.498663521366
636 0.498901098218
637 0.498746080832
638 0.498767604944
639 0.498769530561
640 0.498829952547
641 0.49890965669
642 0.498911352402
643 0.498854813044
644 0.498759689303
645 0.498819658861
646 0.498782843305
647 0.498784721634
648 0.498671031788
649 0.498653845604
650 0.498751919574
651 0.498638803151
652 0.498545175581
653 0.498470947465
654 0.498435113949
655 0.498361279915
656 0.498287670643
657 0.49830926991
658 0.498406676177
659 0.498409090304
660 0.498335854143
661 0.498470543149
662 0.4984917037
663 0.49849397523
664 0.498402254967
665 0.498404653983
666 0.498613192715
667 0.498577843615
668 0.498467861804
669 0.498414178437
670 0.498211623793
671 0.498139880287
672 0.498124070676
673 0.498163945907
674 0.498185184488
675 0.498169378019
676 0.498135154409
677 0.498137904919
678 0.498122237919
679 0.498124999334
680 0.49803597584
681 0.498075512497
682 0.497968520549
683 0.497934940832
684 0.497901459158
685 0.497940961369
686 0.497907568404
687 0.497910609729
688 0.49782293105
689 0.497807970298
690 0.497793052847
691 0.497760114901
692 0.497817459647
693 0.49771253537
694 0.497733812281
695 0.497826867148
696 0.497722380986
697 0.49761819421
698 0.497693132433
699 0.497803570798
700 0.497735377385
701 0.497792022181
702 0.497848505825
703 0.49774502785
704 0.497765956872
705 0.497857648151
706 0.497736915967
707 0.4978460446
708 0.497937234946
709 0.497975351483
710 0.49806610345
711 0.497998594861
712 0.498124122745
713 0.49826680608
714 0.498304195129
715 0.498341479739
716 0.498291491631
717 0.498450556422
718 0.498417940897
719 0.498454860391
720 0.498491677472
721 0.498493766562
722 0.498513138929
723 0.498532457781
724 0.498448275081
725 0.498381541903
726 0.498418155981
727 0.498317306882
728 0.498285321542
729 0.498339040312
730 0.498238713324
731 0.498326501967
732 0.498345838237
733 0.498348091863
734 0.498316325744
735 0.498284645945
736 0.498270012792
737 0.498221543948
738 0.498240865253
739 0.49829391817
740 0.498346827894
741 0.498281670428
742 0.498334454215
743 0.498303090693
744 0.498422818056
745 0.498441688257
746 0.49844377435
747 0.498479277294
748 0.498464618729
749 0.498416665912
750 0.498468707667
751 0.49847074396
752 0.498505975344
753 0.498541113276
754 0.498592714482
755 0.498594575971
756 0.498712020357
757 0.498730210288
758 0.498682476158
759 0.498766446584
760 0.49866951303
761 0.498671259076
762 0.498656617861
763 0.498674737455
764 0.498676469825
765 0.498710834715
766 0.498679920973
767 0.498828124216
768 0.498829648112
769 0.498717531678
770 0.498751620452
771 0.498834196073
772 0.498868045724
773 0.498821058592
774 0.498822579807
775 0.498727447632
776 0.498793435488
777 0.498714652152
778 0.498668163517
779 0.498685896626
780 0.498863635539
781 0.498849104051
782 0.498834609681
783 0.498772320623
784 0.498805731649
785 0.498918574199
786 0.498792883515
787 0.498857867181
788 0.498764257732
789 0.498860758656
790 0.498893804443
791 0.498863635491
792 0.498943883113
793 0.498976699351
794 0.498977986522
795 0.498979270458
796 0.499074654044
797 0.499232455229
798 0.499249060402
799 0.499234374091
800 0.499266540885
801 0.499251869403
802 0.499283934293
803 0.499175994069
804 0.499192545614
805 0.49905396924
806 0.499086120426
807 0.499040840581
808 0.499026575033
809 0.498981480503
810 0.498982736384
811 0.498876230543
812 0.498923738284
813 0.498878991684
814 0.498880367155
815 0.498881739254
816 0.498929007656
817 0.498884473424
818 0.498763735369
819 0.498856706408
820 0.498873324291
821 0.498965935804
822 0.49895200394
823 0.498862256377
824 0.498939393036
825 0.498986076609
826 0.499108221648
827 0.499033815583
828 0.499004824242
829 0.499006023249
830 0.49908242996
831 0.499113580857
832 0.499264705009
833 0.499265586658
834 0.499251496149
835 0.499312200116
836 0.49934289041
837 0.499298925154
838 0.499269963376
839 0.499270832468
840 0.499271699492
841 0.49921318202
842 0.499051007441
843 0.498963269295
844 0.498920117504
845 0.498773639824
846 0.49877508771
847 0.498732310491
848 0.498777973287
849 0.498720587422
850 0.498663336424
851 0.49870891939
852 0.498813012071
853 0.498931498033
854 0.49897660742
855 0.499007008552
856 0.498891481128
857 0.498921910609
858 0.498894062045
859 0.498895348019
860 0.498925666984
861 0.498912412163
862 0.498928156747
863 0.498799188959
864 0.498757224586
865 0.498758659662
866 0.498774508945
867 0.498833524501
868 0.498863635493
869 0.498893677263
870 0.498894947439
871 0.498867544969
872 0.498840205278
873 0.498812928148
874 0.498842856203
875 0.498915524175
876 0.499016532672
877 0.499031889683
878 0.499047211752
879 0.499019885368
880 0.49897843261
881 0.499078797172
882 0.499164778136
883 0.499151582699
884 0.499124292768
885 0.499181714573
886 0.499182637105
887 0.499268017004
888 0.499268840382
889 0.499199437191
890 0.499228394025
891 0.499103137964
892 0.499160133344
893 0.499175054882
894 0.499120110673
895 0.499135043572
896 0.499177813895
897 0.499164809662
898 0.499193547333
899 0.499319443405
900 0.499347945661
901 0.499390242865
902 0.499390918122
903 0.499377764465
904 0.499295579103
905 0.499296356609
906 0.499269568999
907 0.499270373438
908 0.499216170594
909 0.499203295695
910 0.499231612578
911 0.49921874898
912 0.499274369203
913 0.499302515381
914 0.499398906049
915 0.49945414743
916 0.49940021705
917 0.499305554497
918 0.499360717128
919 0.499388585888
920 0.49928067212
921 0.499213664883
922 0.499322859205
923 0.499296535758
924 0.499202701659
925 0.499176564826
926 0.499137000037
927 0.499137929994
928 0.499138857949
929 0.499153224755
930 0.499140707878
931 0.499275750037
932 0.499276526296
933 0.499183617803
934 0.499077539074
935 0.499091879298
936 0.499106188912
937 0.499013858214
938 0.498988284344
939 0.499002658497
940 0.499030285827
941 0.499084393816
942 0.499032342484
943 0.499033367545
944 0.499153438069
945 0.499114692369
946 0.499076028497
947 0.499050631836
948 0.499064803971
949 0.498986841032
950 0.499066770735
951 0.499080881257
952 0.49905561275
953 0.499043499961
954 0.499083768572
955 0.499019350405
956 0.49898119017
957 0.499021397721
958 0.49903545256
959 0.499075519821
960 0.499128510968
961 0.499207379447
962 0.499208202522
963 0.499092322631
964 0.499080309874
965 0.499158901673
966 0.49917269804
967 0.499225205596
968 0.499290504661
969 0.499329895918
970 0.499420699296
971 0.499511315836
972 0.499563205555
973 0.499537986652
974 0.499615383576
975 0.499667007171
976 0.499667348003
977 0.499693250485
978 0.49974463635
979 0.499757652015
980 0.49968144647
981 0.499694499974
982 0.499694810758
983 0.49975863717
984 0.499708120774
985 0.49967038435
986 0.499632724392
987 0.499582488829
988 0.499608189018
989 0.499558079724
990 0.499571139168
991 0.499697579552
992 0.499760824688
993 0.499773640748
994 0.499786431047
995 0.499774095284
996 0.499824472332
997 0.499799598105
998 0.499674673583
999 0.499712498933
1000 0.499737761148
1001 0.499825348189
1002 0.499813059718
1003 0.499813245914
1004 0.499888058592
1005 0.499888169866
1006 0.499875867823
1007 0.499863590188
1008 0.499975221924
1009 0.49993811775
1010 0.499826902982
1011 0.49974061157
1012 0.499802565557
1013 0.499913707023
1014 0.499963053136
1015 0.499999998973
1016 0.499987707934
1017 0.500049114901
1018 0.500036799785
1019 0.499938724497
1020 0.499914298708
1021 0.499938844381
1022 0.499841152456
1023 0.4996948232
1024 0.499634145324
1025 0.499646685132
1026 0.499586172293
1027 0.499586574849
1028 0.499562681185
1029 0.499599513556
1030 0.499527157105
1031 0.499527615286
1032 0.499552273912
1033 0.499516439997
1034 0.499553139112
1035 0.499517373539
1036 0.499433460926
1037 0.499409921941
1038 0.499326274272
1039 0.499362979801
1040 0.499411622483
1041 0.499460171801
1042 0.499520612672
1043 0.499568964587
1044 0.49955741535
1045 0.499557838471
1046 0.499462749805
1047 0.499451334979
1048 0.499439941916
1049 0.499452380055
1050 0.499476687949
1051 0.499477185394
1052 0.499584519512
1053 0.499573054135
1054 0.499585307153
1055 0.499573862745
1056 0.499574265902
1057 0.499598297764
1058 0.499669498605
1059 0.499728772663
1060 0.499681902932
1061 0.499752823916
1062 0.499776574765
1063 0.499741540395
1064 0.499741783081
1065 0.499648216685
1066 0.499660261457
1067 0.499683987782
1068 0.499766135573
1069 0.499719625154
1070 0.499719886942
1071 0.499661846003
1072 0.499627212415
1073 0.499546088375
1074 0.499511626903
1075 0.499500463692
1076 0.499547352781
1077 0.49948979494
1078 0.499536607004
1079 0.499525462008
1080 0.499525900989
1081 0.499491681123
1082 0.499411356389
1083 0.499434962126
1084 0.499389399938
1085 0.499412982421
1086 0.499517018327
1087 0.499505973284
1088 0.499517905345
1089 0.49948394397
1090 0.499484416982
1091 0.499461995349
1092 0.499519669644
1093 0.499542960601
1094 0.499520546933
1095 0.49952098439
1096 0.499601184018
1097 0.499658468914
1098 0.499658779679
1099 0.499602271698
1100 0.499579926305
1101 0.499659708564
1102 0.499705348005
1103 0.499773549672
1104 0.499694569079
1105 0.499819167107
1106 0.499830622229
1107 0.499785648733
1108 0.499774570611
1109 0.499740989922
1110 0.499774976452
1111 0.499763937814
1112 0.49974168809
1113 0.499798024097
1114 0.499910312864
1115 0.49988799179
1116 0.499899282745
1117 0.499821108068
1118 0.499810097258
1119 0.499843748978
1120 0.499810436094
1121 0.499821745855
1122 0.499799642782
1123 0.499810942021
1124 0.499844443427
1125 0.499888986561
1126 0.49997781623
1127 0.499944591221
1128 0.499988927289
1129 0.500066370695
1130 0.500033155518
1131 0.500022083837
1132 0.500077227629
1133 0.500055113666
1134 0.500033038671
1135 0.500033009587
1136 0.500087949773
1137 0.500120825057
1138 0.500131693506
1139 0.500142542887
1140 0.500098596739
1141 0.500109456101
1142 0.500098424216
1143 0.500054631877
1144 0.499989081991
1145 0.499967276504
1146 0.500032692992
1147 0.499978222005
1148 0.500054394115
1149 0.500108694641
1150 0.500173760926
1151 0.500151908698
1152 0.500140935674
1153 0.5000866541
1154 0.500129869129
1155 0.500151383062
1156 0.500151252221
1157 0.500172710532
1158 0.500183346664
1159 0.500129309297
1160 0.500107664753
1161 0.500139844064
1162 0.500182716091
1163 0.50016108145
1164 0.50013948395
1165 0.500117923496
1166 0.500074977536
1167 0.500085615387
1168 0.500128313759
1169 0.500117520338
1170 0.500149443911
1171 0.500170647437
1172 0.500159845531
1173 0.500202298824
1174 0.500287233058
1175 0.500318876588
1176 0.500371706769
1177 0.500328946397
1178 0.500318065197
1179 0.50031779565
1180 0.500338695041
1181 0.500285532017
1182 0.500327556091
1183 0.500274492277
1184 0.500284809151
1185 0.500252950126
1186 0.500221144781
1187 0.500189392981
1188 0.500189233693
1189 0.500178570482
1190 0.500209906715
1191 0.50024119037
1192 0.50022003262
1193 0.500335007457
1194 0.500271965619
1195 0.500261286728
1196 0.500292396784
1197 0.50030258676
1198 0.500281483681
1199 0.500302082424
1200 0.500385094865
1201 0.500374375162
1202 0.500394845321
1203 0.500373753252
1204 0.500394189951
1205 0.500424957641
1206 0.500362468042
1207 0.500331124945
1208 0.500341190175
1209 0.500351238768
1210 0.500392236929
1211 0.500433167437
1212 0.50041220027
1213 0.500453046902
1214 0.500514402409
1215 0.500513979381
1216 0.500534099345
1217 0.500482347211
1218 0.500533223054
1219 0.50055327777
1220 0.500563062136
1221 0.50058305961
1222 0.500551920564
1223 0.500479982715
1224 0.500459182725
1225 0.500438416665
1226 0.500407497015
1227 0.500386806866
1228 0.500396662994
1229 0.500406503096
1230 0.500406172874
1231 0.500426135377
1232 0.500405514013
1233 0.500415315046
1234 0.500435221654
1235 0.500485435876
1236 0.500545673994
1237 0.500514942436
1238 0.500504438054
1239 0.500493950613
1240 0.500453262489
1241 0.500513284007
1242 0.500492758432
1243 0.500502410545
1244 0.5004518062
1245 0.500451443594
1246 0.500461105619
1247 0.500480768175
1248 0.500440351218
1249 0.500379998946
1250 0.500339727155
1251 0.500349439823
1252 0.500458897563
1253 0.500388754897
1254 0.500488046726
1255 0.50055732374
1256 0.500487270176
1257 0.500437200804
1258 0.500337568397
1259 0.50025793541
1260 0.500317207459
1261 0.500356575766
1262 0.500296911029
1263 0.500296676131
1264 0.500286560191
1265 0.500256712991
1266 0.50028610787
1267 0.500236592012
1268 0.500256106105
1269 0.500236219402
1270 0.500275372662
1271 0.500226020954
1272 0.500314217333
1273 0.500343405564
1274 0.500264704859
1275 0.500274293639
1276 0.500352387397
1277 0.500264083486
1278 0.500283423511
1279 0.500292967702
1280 0.500302496992
1281 0.500321761797
1282 0.500438424473
1283 0.50050622942
1284 0.500505835467
1285 0.500466561869
1286 0.500427349302
1287 0.500456132434
1288 0.50047517343
1289 0.500474805079
1290 0.500445390052
1291 0.50041602056
1292 0.500396363927
1293 0.500376737675
1294 0.500482624355
1295 0.500443671704
1296 0.500424054373
1297 0.500491139059
1298 0.500538874902
1299 0.500499998835
1300 0.500480398524
1301 0.500441627088
1302 0.500383728688
1303 0.500277989641
1304 0.500287355157
1305 0.500325419979
1306 0.500248659907
1307 0.5002484698
1308 0.500210082877
1309 0.500200380533
1310 0.500209762384
1311 0.500219129935
1312 0.500209442868
1313 0.500228309332
1314 0.500247147101
1315 0.500237460828
1316 0.500265754346
1317 0.50019916424
1318 0.500180059486
1319 0.50023674125
1320 0.500217636975
1321 0.500245838478
1322 0.500302341993
1323 0.500330436918
1324 0.500292451674
1325 0.500254523723
1326 0.500282591168
1327 0.500197664509
1328 0.500169299078
1329 0.500197367292
1330 0.500253567608
1331 0.500281530413
1332 0.500253187184
1333 0.50021551612
1334 0.500234081258
1335 0.500271331207
1336 0.500243080402
1337 0.500326979454
1338 0.500289393949
1339 0.500373133216
1340 0.500279640947
1341 0.500223545843
1342 0.500214071879
1343 0.500167409623
1344 0.500157991484
1345 0.500222881517
1346 0.500176316646
1347 0.500166912859
1348 0.500138990763
1349 0.500138887807
1350 0.500166542238
1351 0.500138682374
1352 0.500147818594
1353 0.50025849227
1354 0.500230626229
1355 0.500276547596
1356 0.500248709319
1357 0.500211707315
1358 0.500211551533
1359 0.500193013623
1360 0.500220425093
1361 0.500220263254
1362 0.500201759755
1363 0.500183283387
1364 0.500210621658
1365 0.500256221496
1366 0.500228601733
1367 0.500237572045
1368 0.50020087549
1369 0.500164232506
1370 0.500191465031
1371 0.500227768637
1372 0.500300435975
1373 0.500309314834
1374 0.500336362622
1375 0.50037245539
1376 0.500281407856
1377 0.500235848053
1378 0.500244741556
1379 0.500253622169
1380 0.500253438518
1381 0.500235165403
1382 0.500225957049
1383 0.500270952745
1384 0.500315883465
1385 0.500378786851
1386 0.50033345247
1387 0.500306194943
1388 0.500287975936
1389 0.500287768759
1390 0.500341479916
1391 0.500314294949
1392 0.500296122443
1393 0.50027797601
1394 0.500322579611
1395 0.500367119311
1396 0.500348961025
1397 0.500411300807
1398 0.500384201954
1399 0.500330356104
1400 0.500294431502
1401 0.500320969014
1402 0.500302921277
1403 0.500302705521
1404 0.500293593284
1405 0.500240041661
1406 0.500275407667
1407 0.500257456379
1408 0.500257273656
1409 0.500248225953
1410 0.500159460378
1411 0.500221316267
1412 0.500221159639
1413 0.500132601534
1414 0.500159009607
1415 0.50020303573
1416 0.500176428087
1417 0.500176303667
1418 0.500132134319
1419 0.500176055352
1420 0.500131948346
1421 0.500175807735
1422 0.500193252688
1423 0.500175560793
1424 0.500166665671
1425 0.500192846147
1426 0.500166432103
1427 0.500140055054
1428 0.500122462289
1429 0.500122376651
1430 0.500122291133
1431 0.500165850985
1432 0.500165735249
1433 0.500183053408
1434 0.500165504238
1435 0.500121865307
1436 0.50021746595
1437 0.500252085244
1438 0.500251910064
1439 0.500303818451
1440 0.50034698027
1441 0.500303397066
1442 0.500294524311
1443 0.500320289893
1444 0.500354670323
1445 0.500328491441
1446 0.500259155929
1447 0.50021581397
1448 0.500258798226
1449 0.500172412848
1450 0.500137835022
1451 0.500129131287
1452 0.500094630845
1453 0.500137550631
1454 0.500171820364
1455 0.500214628179
1456 0.500283115067
1457 0.500308641068
1458 0.500265591965
1459 0.500196916906
1460 0.500213893675
1461 0.500188097582
1462 0.500153792654
1463 0.500153687604
1464 0.500110920582
1465 0.50011084492
1466 0.500127810926
1467 0.500110693885
1468 0.500042545016
1469 0.500102039868
1470 0.500084975254
1471 0.500016982748
1472 0.500050915558
1473 0.500025440043
1474 0.499999999071
1475 0.499999999071
1476 0.500050777669
1477 0.500084572821
1478 0.500135225569
1479 0.500126688263
1480 0.500143483191
1481 0.500134951833
1482 0.500134860834
1483 0.500092654055
1484 0.50006733914
1485 0.500084117496
1486 0.500084060928
1487 0.500050402276
1488 0.500008393947
1489 0.500025166821
1490 0.500058684491
1491 0.500075401174
1492 0.500008371438
1493 0.500041833045
1494 0.500125417103
1495 0.500125333268
1496 0.500141949596
1497 0.500125165914
1498 0.500108404626
1499 0.500149999022
1500 0.500183210224
1501 0.500158121539
1502 0.500158016335
1503 0.500224400649
1504 0.500182723306
1505 0.500232402765
1506 0.500223953932
1507 0.500182359798
1508 0.500140820792
1509 0.500165561986
1510 0.500223361069
1511 0.500231480531
1512 0.500256112748
1513 0.500305481226
1514 0.500255774645
1515 0.500214379015
1516 0.500238957555
1517 0.50024703465
1518 0.50020572653
1519 0.500189143811
1520 0.500172582898
1521 0.500172469505
1522 0.500172356262
1523 0.500180445259
1524 0.500213113828
1525 0.500172017423
1526 0.500155532797
1527 0.500139069748
1528 0.500171679913
1529 0.500236927197
1530 0.500285760026
1531 0.500261095695
1532 0.500220155646
1533 0.50025260666
1534 0.500203582169
1535 0.500187173583
1536 0.500195184523
1537 0.500211312476
1538 0.500227419469
1539 0.500211038024
1540 0.500186566232
1541 0.500251296101
1542 0.500259234333
1543 0.500283354015
1544 0.500347895549
1545 0.500331499752
1546 0.500307045005
1547 0.500282621853
1548 0.500306648582
1549 0.500314515252
1550 0.500322371779
1551 0.50038659707
1552 0.500370250256
1553 0.5003860995
1554 0.500385851205
1555 0.500449870596
1556 0.500465638165
1557 0.500545570361
1558 0.500497112659
1559 0.500520832474
1560 0.500512491141
1561 0.500536170739
1562 0.500495840496
1563 0.500455561825
1564 0.500503194046
1565 0.500542783322
1566 0.500566368032
1567 0.500573978759
1568 0.500557679215
1569 0.500573247557
1570 0.500652449818
1571 0.500691793044
1572 0.500635727056
1573 0.500619440059
1574 0.500563491204
1575 0.500594859555
1576 0.500602408781
1577 0.5006257913
1578 0.500585812964
1579 0.500561708023
1580 0.500521820795
1581 0.500568899282
1582 0.5005527471
1583 0.500576072401
1584 0.500599368269
1585 0.500630516216
1586 0.500669501398
1587 0.500629722115
1588 0.50060572607
1589 0.500597483482
1590 0.500604964629
1591 0.500612436377
1592 0.5006042051
1593 0.500627351787
1594 0.500634795446
1595 0.500697054361
1596 0.500688790715
1597 0.500680537412
1598 0.500695746567
1599 0.500671874229
1600 0.500679262183
1601 0.500632021702
1602 0.500647223171
1603 0.500724749839
1604 0.500747662783
1605 0.500739413934
1606 0.500793403083
1607 0.500715173355
1608 0.500675884869
1609 0.500644409157
1610 0.500675045782
1611 0.500682381354
1612 0.500650960155
1613 0.500588598969
1614 0.500541794891
1615 0.500495048738
1616 0.500548855125
1617 0.500533064728
1618 0.500563618741
1619 0.500594135033
1620 0.500624613674
1621 0.500593402438
1622 0.500585335038
1623 0.500631156868
1624 0.500661537702
1625 0.500638068126
1626 0.500722187314
1627 0.500667996778
1628 0.500698280397
1629 0.50077453912
1630 0.500720416162
1631 0.500735293343
1632 0.500750152304
1633 0.500719093452
1634 0.500703363116
1635 0.500748776701
1636 0.500763591117
1637 0.500816543733
1638 0.500816045537
1639 0.500807926004
1640 0.500822668265
1641 0.500883068604
1642 0.500897747184
1643 0.500851580678
1644 0.500835865428
1645 0.50086573429
1646 0.500857619097
1647 0.500895023454
1648 0.500886900343
1649 0.500893938578
1650 0.500863112442
1651 0.500809623871
1652 0.500816696082
1653 0.500785972558
1654 0.500777944787
1655 0.500769926712
1656 0.50070156827
1657 0.500746380345
1658 0.500723326472
1659 0.500730420847
1660 0.500729981099
1661 0.500706978707
1662 0.500736619737
1663 0.500698616961
1664 0.500668167334
1665 0.500667766273
1666 0.500607377695
1667 0.500629495588
1668 0.500621628911
1669 0.500651196805
1670 0.50068072931
1671 0.500672846106
1672 0.500702330365
1673 0.500679509383
1674 0.500664178329
1675 0.500723447926
1676 0.500767739244
1677 0.500782180387
1678 0.500766824707
1679 0.500766368264
1680 0.500736168156
1681 0.500765457005
1682 0.500757574982
1683 0.500742279506
1684 0.500756675765
1685 0.50068950098
1686 0.500652044252
1687 0.500673873624
1688 0.500673474646
1689 0.500650886795
1690 0.500628325659
1691 0.500620566608
1692 0.500657116775
1693 0.500678865835
1694 0.500619468278
1695 0.500596992179
1696 0.50060400632
1697 0.500588927396
1698 0.500559151681
1699 0.500529410997
1700 0.50052175115
1701 0.500455345884
1702 0.500484438465
1703 0.500564846652
1704 0.500586509512
1705 0.500615474051
1706 0.500600467911
1707 0.500600116349
1708 0.500592450987
1709 0.500606724393
1710 0.500562535783
1711 0.500591412813
1712 0.500576473281
1713 0.500561551181
1714 0.500568512369
1715 0.500590034229
1716 0.500575130303
1717 0.500516588322
1718 0.50053083113
1719 0.500574127152
1720 0.500631899317
1721 0.500682345355
1722 0.500689204114
1723 0.500688804344
1724 0.500739129661
1725 0.500753185771
1726 0.500716559723
1727 0.500752314028
1728 0.500751878913
1729 0.500765895154
1730 0.500758231444
1731 0.500700056949
1732 0.500771782248
1733 0.50073529333
1734 0.50068443725
1735 0.500712844839
1736 0.500662060239
1737 0.500611334079
1738 0.500589418422
1739 0.500560344036
1740 0.500538482843
1741 0.500516646748
1742 0.500559379589
1743 0.500544723978
1744 0.500544411815
1745 0.500558418438
1746 0.50056525391
1747 0.500564930539
1748 0.500521725897
1749 0.5004999992
1750 0.500521129996
1751 0.500513697851
1752 0.50045635975
1753 0.500434719867
1754 0.500391737128
1755 0.500391514043
1756 0.500384176819
1757 0.500341296179
1758 0.500362421095
1759 0.500340908359
1760 0.500340714771
1761 0.500333427199
1762 0.50037577919
1763 0.500361393825
1764 0.500361189069
1765 0.500375140817
1766 0.500382002643
1767 0.500410067128
1768 0.500431033752
1769 0.500451976684
1770 0.500409372525
1771 0.500409141502
1772 0.500401860549
1773 0.500408680238
1774 0.500394365485
1775 0.500422296593
1776 0.500407990288
1777 0.500456973407
1778 0.500498875046
1779 0.500561797033
1780 0.500589555716
1781 0.500589224877
1782 0.500560851777
1783 0.500539517222
1784 0.500539214972
1785 0.500552910807
1786 0.500580581261
1787 0.500601229718
1788 0.500600893648
1789 0.500579608236
1790 0.500635119356
1791 0.500565010472
1792 0.500501951341
1793 0.50052257457
1794 0.500550138602
1795 0.500528952559
1796 0.500521702175
1797 0.500563125026
1798 0.500597553528
1799 0.500590277116
1800 0.500631592891
1801 0.500652052619
1802 0.500637825188
1803 0.500602826393
1804 0.500623268054
1805 0.500574473329
1806 0.500615660664
1807 0.500629147564
1808 0.500656439363
1809 0.500704419218
1810 0.500745443828
1811 0.5006898448
1812 0.500682569658
1813 0.500668411678
1814 0.500674930453
1815 0.500660792272
1816 0.50067418753
1817 0.500694443766
1818 0.500707805796
1819 0.500659339965
1820 0.500652113536
1821 0.500679198002
1822 0.500651398107
1823 0.500671600204
1824 0.500684930821
1825 0.500650327902
1826 0.500608921051
1827 0.500567559503
1828 0.500560414863
1829 0.500594261631
1830 0.500587110211
1831 0.500648198039
1832 0.500613747304
1833 0.500620228351
1834 0.500606266371
1835 0.500592319599
1836 0.500537560582
1837 0.500516865504
1838 0.500475801418
1839 0.50050271675
1840 0.500536392623
1841 0.500576818028
1842 0.500590069877
1843 0.500562634909
1844 0.500569105019
1845 0.500616196499
1846 0.50056172103
1847 0.500554653006
1848 0.500534071801
1849 0.500540539864
1850 0.500526741622
1851 0.50045221315
1852 0.500485698194
1853 0.500505662771
1854 0.500471697455
1855 0.500457973476
1856 0.500464458137
1857 0.500470935817
1858 0.500531198903
1859 0.500524192888
1860 0.500510477575
1861 0.500516916624
1862 0.500483091119
1863 0.500496243954
1864 0.500482573043
1865 0.500482314429
1866 0.500448579927
1867 0.500388114942
1868 0.500441411844
1869 0.500401068849
1870 0.500367449892
1871 0.500340544197
1872 0.500320341026
1873 0.500313499869
1874 0.50032666599
1875 0.500333154967
1876 0.500359615733
1877 0.500412672393
1878 0.500392495349
1879 0.500372339769
1880 0.500425305045
1881 0.500398511572
1882 0.500458045029
1883 0.500464436719
1884 0.50045755904
1885 0.500470571986
1886 0.500430576989
1887 0.500430348929
1888 0.500443355614
1889 0.500410052251
1890 0.500409835407
1891 0.500383191724
1892 0.500316956546
1893 0.50034318836
1894 0.500349603558
1895 0.500323047854
1896 0.500289930801
1897 0.500322707445
1898 0.50033570232
1899 0.500368420372
1900 0.500381377529
1901 0.500374604992
1902 0.500361270987
1903 0.500374211484
1904 0.500360891684
1905 0.500380377063
1906 0.500458835165
1907 0.500452043329
1908 0.500451806533
1909 0.500490836994
1910 0.500490580146
1911 0.50050993655
1912 0.500496601504
1913 0.500502872866
1914 0.500509137678
1915 0.500508871948
1916 0.500508606496
1917 0.500540927348
1918 0.500534131665
1919 0.500546874292
1920 0.500579124748
1921 0.50061784528
1922 0.500656525542
1923 0.500636693671
1924 0.500636362921
1925 0.50060358184
1926 0.500622728929
1927 0.500596472321
1928 0.500602643143
1929 0.500634714313
1930 0.500647332263
1931 0.50062758727
1932 0.500614329332
1933 0.500594621823
1934 0.500574934683
1935 0.500561724486
1936 0.500561434489
1937 0.500574044676
1938 0.50058019524
1939 0.500573452877
1940 0.500586037382
1941 0.500605045613
1942 0.50062403428
1943 0.500662293515
1944 0.500700513409
1945 0.500738694023
1946 0.500731894495
1947 0.5007700198
1948 0.500743970527
1949 0.500743589004
1950 0.500723986962
1951 0.500698001307
1952 0.500697643908
1953 0.500620521262
1954 0.500671354767
1955 0.500677402126
1956 0.500734541936
1957 0.500676710193
1958 0.500669983956
1959 0.500624999267
1960 0.500726669328
1961 0.50070081475
1962 0.50073229676
1963 0.500757382155
1964 0.500763358035
1965 0.500743895496
1966 0.500705388184
1967 0.500774897635
1968 0.500812594481
1969 0.50076776575
1970 0.500754692299
1971 0.50072895462
1972 0.500728585155
1973 0.50072188375
1974 0.500727847347
1975 0.500695849448
1976 0.500708142886
1977 0.500695145844
1978 0.500701110899
1979 0.500719696208
1980 0.500725642847
1981 0.500674822647
1982 0.500661875179
1983 0.500686743192
1984 0.500654911079
1985 0.500641993195
1986 0.500629088314
1987 0.500653922783
1988 0.500659878572
1989 0.500678391208
1990 0.500684328725
1991 0.500746736191
1992 0.500758905403
1993 0.500758524809
1994 0.500758144596
1995 0.500764027283
1996 0.500794941641
1997 0.500788287522
1998 0.500756627548
1999 0.500818749234
2000 0.50088080883
2001 0.500874125115
2002 0.500898651269
2003 0.500910677878
2004 0.500960098999
2005 0.500916001239
2006 0.500921773031
2007 0.500933764168
2008 0.500920855373
2009 0.500883083809
2010 0.500895076297
2011 0.500907056863
2012 0.500832090612
2013 0.500844090555
2014 0.500862282086
2015 0.50084945357
2016 0.500880019037
2017 0.500916748456
2018 0.500947250314
2019 0.500959157604
2020 0.500946312892
2021 0.500896388903
2022 0.500908303676
2023 0.500932558473
2024 0.500901233753
2025 0.500876109742
2026 0.500838677035
2027 0.50085059089
2028 0.500887135689
2029 0.500899013936
2030 0.50089857129
2031 0.500848916484
2032 0.500830053272
2033 0.500854227293
2034 0.500872235055
2035 0.500847248686
2036 0.500859105695
2037 0.500877084556
2038 0.500839871671
2039 0.500833332524
2040 0.500845173114
2041 0.500844759219
2042 0.500881056443
2043 0.500837817176
2044 0.500861857369
2045 0.500891983538
2046 0.500885441295
2047 0.50089721597
2048 0.500902878621
2049 0.500896340638
2050 0.500901998194
2051 0.500901558623
2052 0.50092547409
2053 0.50094328059
2054 0.500936738853
2055 0.500936283241
2056 0.500941904877
2057 0.500953594901
2058 0.500965273571
2059 0.500946601111
2060 0.500970401893
2061 0.500969931281
2062 0.500945224571
2063 0.500926598011
2064 0.500926149296
2065 0.500913600334
2066 0.500895016108
2067 0.500870405359
2068 0.500912275621
2069 0.500923912191
2070 0.500869144483
2071 0.500892856291
2072 0.500868305945
2073 0.500873914278
2074 0.500867469024
2075 0.500873072356
2076 0.500902743482
2077 0.500902309053
2078 0.500907887542
2079 0.500895431824
2080 0.500901008257
2081 0.500930594708
2082 0.500930147951
2083 0.500971688176
2084 0.500983212534
2085 0.500982741196
2086 0.501006228149
2087 0.500987786471
2088 0.501047150863
2089 0.501064592429
2090 0.501064083298
2091 0.501081500096
2092 0.50107501109
2093 0.501062558838
2094 0.501103817748
2095 0.501085399899
2096 0.501031234228
2097 0.500989036306
2098 0.500982609901
2099 0.500958332462
2100 0.50095787633
2101 0.500933633757
2102 0.500903470356
2103 0.500914923068
2104 0.500896673701
2105 0.500890312513
2106 0.500878024749
2107 0.5008894678
2108 0.500912753976
2109 0.500900473047
2110 0.500900046484
2111 0.50084043472
2112 0.500887363063
2113 0.500875117382
2114 0.500851062948
2115 0.500856568111
2116 0.50085025892
2117 0.500826250294
2118 0.500772769283
2119 0.500737027416
2120 0.500730786485
2121 0.50069509809
2122 0.500700658565
2123 0.500688558441
2124 0.500694116761
2125 0.500729067782
2126 0.500675833612
2127 0.500716634431
2128 0.500757396921
2129 0.500745304244
2130 0.500715625546
2131 0.50073874205
2132 0.500714954542
2133 0.500767337418
2134 0.500772832805
2135 0.500766618938
2136 0.500789657493
2137 0.500812674497
2138 0.500812294565
2139 0.500806073872
2140 0.500794020589
2141 0.500770307222
2142 0.500769947769
2143 0.500781249088
2144 0.500775057369
2145 0.500716448302
2146 0.50069282629
2147 0.500651768175
2148 0.500616564938
2149 0.500604650253
2150 0.500592746648
2151 0.500557619912
2152 0.500534137501
2153 0.500487464273
2154 0.500487238072
2155 0.50051020318
2156 0.500527351915
2157 0.500527107544
2158 0.500515283962
2159 0.50054398059
2160 0.500590003748
2161 0.500641766009
2162 0.50067036436
2163 0.50067005458
2164 0.500692839779
2165 0.500732916943
2166 0.500772957118
2167 0.500743772175
2168 0.500737666246
2169 0.500760367787
2170 0.500771532969
2171 0.5008459936
2172 0.500862861538
2173 0.500850965095
2174 0.50083333247
2175 0.500867416411
2176 0.50090721088
2177 0.500855141448
2178 0.500854749002
2179 0.500865824794
2180 0.50084250254
2181 0.500865031187
2182 0.500847456737
2183 0.500824174929
2184 0.500806635264
2185 0.500794829847
2186 0.500760172866
2187 0.500754112463
2188 0.500719505747
2189 0.500753423776
2190 0.500707438647
2191 0.500678603136
2192 0.500661193835
2193 0.500677984551
2194 0.500677675674
2195 0.500711520079
2196 0.50072826496
2197 0.500750681587
2198 0.500761709006
2199 0.500715908232
2200 0.500709903736
2201 0.500692551375
2202 0.500686562933
2203 0.500674908409
2204 0.500691609142
2205 0.500713961093
2206 0.500730628996
2207 0.500730298095
2208 0.500741284821
2209 0.500729637178
2210 0.50073496072
2211 0.500751581454
2212 0.500739944948
2213 0.500694443621
2214 0.500677200082
2215 0.500676894486
2216 0.500670950922
2217 0.500648105583
2218 0.500653446674
2219 0.500624999176
2220 0.500647230159
2221 0.500601934378
2222 0.500629778762
2223 0.500618254578
2224 0.500601122781
2225 0.500584006376
2226 0.500606195872
2227 0.500583482134
2228 0.500616867735
2229 0.500627801865
2230 0.500571491779
2231 0.500560035014
2232 0.500548588512
2233 0.500492389501
2234 0.500475390672
2235 0.500486358734
2236 0.500480553482
2237 0.500474753419
2238 0.500441044289
2239 0.500463168829
2240 0.500440650676
2241 0.500479481775
2242 0.500512705363
2243 0.500523617694
2244 0.500495544813
2245 0.50046749693
2246 0.500456162928
2247 0.500444839009
2248 0.500439083195
2249 0.500449999147
2250 0.500505330111
2251 0.500477352611
2252 0.500471592584
2253 0.500482474742
2254 0.500476717552
2255 0.500498669367
2256 0.500503986744
2257 0.500481620048
2258 0.50050354054
2259 0.500542034538
2260 0.500503095113
2261 0.500469716208
2262 0.50045846136
2263 0.50041408925
2264 0.500369756322
2265 0.500314429863
2266 0.500325318944
2267 0.500330686963
2268 0.500330541222
2269 0.500330395609
2270 0.500297225031
2271 0.500335606523
2272 0.500313461509
2273 0.500285839054
2274 0.500269229897
2275 0.500247143235
2276 0.500263503745
2277 0.500246926266
2278 0.500274242226
2279 0.500252192115
2280 0.500246601505
2281 0.500262926405
2282 0.500290187498
2283 0.500257223323
2284 0.500218817533
2285 0.500256998267
2286 0.500256885894
2287 0.500284090052
2288 0.500278505046
2289 0.500294758985
2290 0.500289174198
2291 0.500283594284
2292 0.500343435712
2293 0.500283347035
2294 0.500272330324
2295 0.500277655959
2296 0.500304744484
2297 0.500288293336
2298 0.500277293641
2299 0.500288042633
2300 0.500277052608
2301 0.500228061702
2302 0.50023881807
2303 0.500227863719
2304 0.500260302819
2305 0.500238507366
2306 0.500238403982
2307 0.500216636904
2308 0.500178647885
2309 0.500124457995
2310 0.500135221957
2311 0.50014057004
2312 0.500172934682
2313 0.500178261844
2314 0.500172785279
2315 0.500172710673
2316 0.50013487178
2317 0.500102458122
2318 0.500064682156
2319 0.500091593931
2320 0.500080783246
2321 0.500123814788
2322 0.500166809282
2323 0.50017749481
2324 0.500172042129
2325 0.5001934643
2326 0.500171894263
2327 0.500166451014
2328 0.500150278217
2329 0.500155578522
2330 0.500171599305
2331 0.500182246122
2332 0.500192883811
2333 0.500160667499
2334 0.500165952005
2335 0.500176583009
2336 0.500171158716
2337 0.500139006814
2338 0.500144291543
2339 0.500133546117
2340 0.500112130671
2341 0.50010674548
2342 0.500128040088
2343 0.5001066544
2344 0.500149252852
2345 0.500111891701
2346 0.500085214287
2347 0.500085177995
2348 0.500117070209
2349 0.500122339535
2350 0.500138238167
2351 0.500138179393
2352 0.500090309358
2353 0.500079650771
2354 0.500069001235
2355 0.500068971947
2356 0.500063639338
2357 0.500031805739
2358 0.500031792256
2359 0.500010592339
2360 0.50006353152
2361 0.499989414864
2362 0.499989419343
2363 0.499973560877
2364 0.499947144995
2365 0.499889052378
2366 0.499857413577
2367 0.49985219508
2368 0.499852257471
2369 0.49985231981
2370 0.499841838019
2371 0.49987352358
2372 0.499831436131
2373 0.499826241765
2374 0.499826314926
2375 0.49980534425
2376 0.499826461064
2377 0.499863329658
2378 0.499847624183
2379 0.499810923498
2380 0.499826752604
2381 0.499832073022
2382 0.499816407026
2383 0.499811240753
2384 0.499790355532
2385 0.499790443396
2386 0.499811477987
2387 0.499832494961
2388 0.499843029696
2389 0.499816944746
2390 0.499817021306
2391 0.499780517532
2392 0.499853739218
2393 0.499864243077
2394 0.499827765311
2395 0.499869573432
2396 0.499807049619
2397 0.49984883151
2398 0.499874947045
2399 0.499869790822
2400 0.499864638894
2401 0.499854287252
2402 0.499838742399
2403 0.499833609816
2404 0.499786901449
2405 0.499776599326
2406 0.499750726207
2407 0.499750829726
2408 0.499740555406
2409 0.499766596669
2410 0.499756324333
2411 0.499771972633
2412 0.499818689599
2413 0.499798052192
2414 0.499808487771
2415 0.499818914712
2416 0.499772444324
2417 0.499788047128
2418 0.499803637032
2419 0.499783057011
2420 0.499757330842
2421 0.499793558193
2422 0.499736895566
2423 0.499742160868
2424 0.499747421828
2425 0.499726915878
2426 0.499727028397
2427 0.499711696016
2428 0.499722107
2429 0.499742797495
2430 0.499737761385
2431 0.499737869213
2432 0.499712288502
2433 0.499738084604
2434 0.499743325632
2435 0.499738299641
2436 0.499692243707
2437 0.499718005707
2438 0.499753996675
2439 0.499759220442
2440 0.499759319082
2441 0.49975429889
2442 0.499774866108
2443 0.49976472909
2444 0.499754600364
2445 0.49974447992
2446 0.499713934571
2447 0.499739582474
2448 0.49973968881
2449 0.499760203228
2450 0.499770500973
2451 0.499770594569
2452 0.499785975503
2453 0.49980643762
2454 0.499796333162
2455 0.49980150566
2456 0.499750711397
2457 0.499745727386
2458 0.499750914153
2459 0.499791665823
2460 0.499786671247
2461 0.499776603547
2462 0.499761468915
2463 0.499741273509
2464 0.49973630748
2465 0.499751621233
2466 0.499751721914
2467 0.499726498364
2468 0.499746860257
2469 0.499746962742
2470 0.499752123821
2471 0.499772450637
2472 0.499802870183
2473 0.499787792226
2474 0.499797978967
2475 0.49980815748
2476 0.499833467065
2477 0.4998184011
2478 0.499833601432
2479 0.499848789505
2480 0.499838773868
2481 0.499828766302
2482 0.499823801036
2483 0.499828904171
2484 0.499788731576
2485 0.49978881656
2486 0.499788901475
2487 0.499778938087
2488 0.499779026903
2489 0.499789155798
2490 0.499834403031
2491 0.499834469482
2492 0.499819493765
2493 0.499824578165
2494 0.499824648474
2495 0.499839742775
2496 0.499804764902
2497 0.499829863075
2498 0.499839935149
2499 0.499824999177
2500 0.499850059154
2501 0.499865107101
2502 0.499835196955
2503 0.499885182899
2504 0.499900198804
2505 0.499870310461
2506 0.499890306353
2507 0.499890350091
2508 0.499890393793
2509 0.499885457386
2510 0.49984070013
2511 0.499840763546
2512 0.499860723454
2513 0.499915472564
2514 0.49993041672
2515 0.499915539768
2516 0.499930472023
2517 0.499930499635
2518 0.499925564943
2519 0.499935515107
2520 0.499930582341
2521 0.499930609865
2522 0.49996036388
2523 0.499955427132
2524 0.499965345765
2525 0.499950513881
2526 0.499995052661
2527 0.500004943849
2528 0.499990113901
2529 0.50004446563
2530 0.500049386817
2531 0.500019746463
2532 0.500009868946
2533 0.500009865051
2534 0.499990137289
2535 0.499995070195
2536 0.499990145064
2537 0.499999999213
2538 0.500034461591
2539 0.500059054323
2540 0.500049192433
2541 0.500063925255
2542 0.500054069206
2543 0.500029480343
2544 0.500039291932
2545 0.500039276499
2546 0.500049076539
2547 0.500034339855
2548 0.500034326383
2549 0.500044116834
2550 0.500048999574
2551 0.500053878488
2552 0.500044064981
2553 0.500044047727
2554 0.500048922851
2555 0.50007335598
2556 0.500053773122
2557 0.500029318949
2558 0.500009768605
2559 0.500024413236
2560 0.500034165506
2561 0.500039031166
2562 0.500029261741
2563 0.500024375138
2564 0.500024365635
2565 0.499985384981
2566 0.499975651677
2567 0.500019469574
2568 0.500014596294
2569 0.499990271548
2570 0.499999999165
2571 0.500034019374
2572 0.500034006153
2573 0.500004855417
2574 0.500019416647
2575 0.500067933954
2576 0.500072758189
2577 0.500087276136
2578 0.500101782824
2579 0.500077518567
2580 0.500121076294
2581 0.500101664563
2582 0.500087107204
2583 0.500096748407
2584 0.500135395709
2585 0.500106341036
2586 0.500111131777
2587 0.500101428865
2588 0.500111045917
2589 0.500125481815
2590 0.500072365077
2591 0.500062692094
2592 0.500091591938
2593 0.500110831884
2594 0.500144507855
2595 0.500173342786
2596 0.500240661488
2597 0.500230946065
2598 0.500226047668
2599 0.500245191501
2600 0.500201844633
2601 0.500182551068
2602 0.500134459423
2603 0.500124807171
2604 0.500143953122
2605 0.500134304635
2606 0.500134253118
2607 0.500115029857
2608 0.500071865793
2609 0.500071838258
2610 0.500081385611
2611 0.500119639301
2612 0.500129161053
2613 0.50013389358
2614 0.500129062268
2615 0.500105121495
2616 0.500090751944
2617 0.500114590465
2618 0.50009545545
2619 0.500062022068
2620 0.500057229237
2621 0.500052440062
2622 0.500047654538
2623 0.500033345221
2624 0.500047618242
2625 0.500028559738
2626 0.50001427403
2627 0.500023781527
2628 0.50001426316
2629 0.500004752031
2630 0.500014252307
2631 0.500023745363
2632 0.500014241469
2633 0.500052201144
2634 0.500052181333
2635 0.500080613733
2636 0.500085323394
2637 0.500090029483
2638 0.500094732006
2639 0.500085226424
2640 0.500080461102
2641 0.500070968117
2642 0.500037834945
2643 0.500066186742
2644 0.500051984028
2645 0.500051964381
2646 0.500023610791
2647 0.500018881336
2648 0.500018874208
2649 0.500028301039
2650 0.50005658157
2651 0.500014139415
2652 0.500028269036
2653 0.500028258385
2654 0.500028247741
2655 0.499995292826
2656 0.500014112819
2657 0.500047026988
2658 0.500047009302
2659 0.50004699163
2660 0.500009394115
2661 0.500018782012
2662 0.500009387049
2663 0.499981230377
2664 0.499962475689
2665 0.499967178432
2666 0.499999999128
2667 0.499990628812
2668 0.500014049333
2669 0.500004680773
2670 0.499985959435
2671 0.499967252111
2672 0.499957911573
2673 0.499925204797
2674 0.499897195379
2675 0.499915918405
2676 0.499897272185
2677 0.499939319511
2678 0.499934676246
2679 0.4999160439
2680 0.499864788386
2681 0.499818231791
2682 0.49981364058
2683 0.499818367237
2684 0.499823090373
2685 0.499799887435
2686 0.499786005827
2687 0.499776784841
2688 0.499748976446
2689 0.499721188727
2690 0.499712002107
2691 0.499753899584
2692 0.499786482606
2693 0.499781921926
2694 0.499777364631
2695 0.499772810717
2696 0.499772894955
2697 0.499814676688
2698 0.499800851319
2699 0.499837962124
2700 0.499814882538
2701 0.499791820035
2702 0.499782648068
2703 0.499791974003
2704 0.499778187694
2705 0.499759792202
2706 0.499773733921
2707 0.499759969619
2708 0.499792357957
2709 0.499833947497
2710 0.499829397908
2711 0.49987094312
2712 0.499847953461
2713 0.499838797986
2714 0.499811233056
2715 0.499811302558
2716 0.499852777975
2717 0.499866629059
2718 0.499852886278
2719 0.499811580065
2720 0.499811649312
2721 0.4998071263
2722 0.499811787652
2723 0.499802679064
2724 0.499779815696
2725 0.49976155457
2726 0.499784560968
2727 0.499784639941
2728 0.49980304059
2729 0.499803112737
2730 0.499789453598
2731 0.499775804459
2732 0.499780460216
2733 0.499766824351
2734 0.499730346538
2735 0.49970303282
2736 0.499698574281
2737 0.499721511251
2738 0.499735304064
2739 0.499790145185
2740 0.499781100985
2741 0.499803974398
2742 0.499813159962
2743 0.499808672664
2744 0.499813296094
2745 0.499827020321
2746 0.499808881612
2747 0.499813499919
2748 0.499822661969
2749 0.499822726456
2750 0.499818247097
2751 0.499813770994
2752 0.499804757636
2753 0.499818445096
2754 0.499804899383
2755 0.499836719077
2756 0.499800506994
2757 0.499796047061
2758 0.499796120984
2759 0.499791665872
2760 0.49980079601
2761 0.499818970961
2762 0.499832608693
2763 0.499796489806
2764 0.499819167387
2765 0.499796636957
2766 0.499774122813
2767 0.499814847484
2768 0.49981040009
2769 0.499810468537
2770 0.49983309197
2771 0.499824133421
2772 0.499819689093
2773 0.499792717327
2774 0.499801801024
2775 0.499797369544
2776 0.499801943767
2777 0.499820013626
2778 0.499793090272
2779 0.499824639512
2780 0.49985167128
2781 0.499856217764
2782 0.49986076098
2783 0.499851831107
2784 0.499874325961
2785 0.499869884355
2786 0.499865445936
2787 0.499856527195
2788 0.499847614849
2789 0.499843189184
2790 0.499825330639
2791 0.49983882444
2792 0.499829931196
2793 0.49981657045
2794 0.49981216381
2795 0.499798818975
2796 0.499776545532
2797 0.499772157922
2798 0.499799034603
2799 0.499799106377
2800 0.499803640786
2801 0.499763560967
2802 0.499732428764
2803 0.499714692515
2804 0.499692512589
2805 0.499697076907
2806 0.499683825367
2807 0.499688389528
2808 0.499688500461
2809 0.499693059709
2810 0.49971095617
2811 0.499728839903
2812 0.49974226727
2813 0.49971126433
2814 0.499729128894
2815 0.499733664
2816 0.499733758546
2817 0.499707238409
2818 0.499707342262
2819 0.499747339663
2820 0.499729705011
2821 0.499743089249
2822 0.499765319823
2823 0.499760976584
2824 0.499747786859
2825 0.499752299316
2826 0.499765651889
2827 0.499756894584
2828 0.499770236093
2829 0.499774734239
2830 0.499783644603
2831 0.499752824105
2832 0.499748499075
2833 0.499775052176
2834 0.499731039812
2835 0.499722319415
2836 0.499762071862
2837 0.499797391789
2838 0.49978425428
2839 0.499775527428
2840 0.499802005591
2841 0.499810871872
2842 0.499784557816
2843 0.499815400087
2844 0.499819858642
2845 0.499819921938
2846 0.499806813432
2847 0.499780546999
2848 0.499780624027
2849 0.499793858905
2850 0.49982900663
2851 0.499833449471
2852 0.499851033264
2853 0.49985108546
2854 0.4998292462
2855 0.499851189742
2856 0.499859992257
2857 0.499855667561
2858 0.499899439626
2859 0.499908216037
2860 0.499912617216
2861 0.499917015319
2862 0.499899580101
2863 0.499908344206
2864 0.499921465211
2865 0.499904046692
2866 0.499873560451
2867 0.499912830483
2868 0.499882362432
2869 0.499864981814
2870 0.499856321073
2871 0.499878132939
2872 0.499882526206
2873 0.4998738684
2874 0.499873912272
2875 0.499852224542
2876 0.499830551888
2877 0.499834954055
2878 0.499843694945
2879 0.49983506866
2880 0.499835125908
2881 0.499800484992
2882 0.499817897246
2883 0.499800623352
2884 0.499813690735
2885 0.499835411563
2886 0.499848457844
2887 0.499861495089
2888 0.499839909248
2889 0.499839964643
2890 0.499831372471
2891 0.49982278624
2892 0.499822847496
2893 0.499814270145
2894 0.499810016516
2895 0.499801449519
2896 0.499788573632
2897 0.499780019947
2898 0.499797343159
2899 0.499818964765
2900 0.499810409449
2901 0.49981047478
2902 0.499819151839
2903 0.49983643175
2904 0.499836488055
2905 0.499823639988
2906 0.499823700656
2907 0.499823761281
2908 0.499793742798
2909 0.499772336014
2910 0.499763826106
2911 0.499755322043
2912 0.499781152687
2913 0.499772648514
2914 0.499802743652
2915 0.499824244769
2916 0.499841445924
2917 0.499845784012
2918 0.499850119128
2919 0.499854451275
2920 0.499841663036
2921 0.499858828796
2922 0.499846047809
2923 0.499850375422
2924 0.499833332555
2925 0.499829117476
2926 0.499820634687
2927 0.499786542942
2928 0.499786615819
2929 0.499782422439
2930 0.499748378626
2931 0.49977404425
2932 0.499761335747
2933 0.499761417092
2934 0.499757239441
2935 0.499765837103
2936 0.499770172871
2937 0.499774505688
2938 0.499766076116
2939 0.499753400582
2940 0.499761984933
2941 0.499766314642
2942 0.499770641408
2943 0.499749489695
2944 0.499719863381
2945 0.499724201509
2946 0.499724295095
2947 0.499741349273
2948 0.499707527183
2949 0.499707626327
2950 0.499695017848
2951 0.499712058835
2952 0.499707923364
2953 0.499691096033
2954 0.499686970455
2955 0.499670161597
2956 0.499674500395
2957 0.499653481295
2958 0.499649374005
2959 0.499636823543
2960 0.499641167739
2961 0.499653949257
2962 0.499641409958
2963 0.49963309639
2964 0.499633220135
2965 0.499675488098
2966 0.499679810478
2967 0.499675706772
2968 0.499701077025
2969 0.499692760162
2970 0.499751766305
2971 0.499747643912
2972 0.499789773867
2973 0.499794047644
2974 0.499819326952
2975 0.499794186053
2976 0.499781658616
2977 0.499752349796
2978 0.499781805193
2979 0.499790267666
2980 0.499811304141
2981 0.499802983783
2982 0.499832382707
2983 0.499803115821
2984 0.499790618967
2985 0.499845109725
2986 0.499849346377
2987 0.499853580193
2988 0.499845265176
2989 0.499845316926
2990 0.499870443864
2991 0.499870487165
2992 0.499891412495
2993 0.499887273751
2994 0.499870616894
2995 0.499858143392
2996 0.499833165704
2997 0.499858238027
2998 0.4998666214
2999 0.499833332529
3000 0.499804231116
3001 0.499845935237
3002 0.49984598654
3003 0.499862682288
3004 0.499879366923
3005 0.4998419819
3006 0.499862819286
3007 0.499862864891
3008 0.499900298306
3009 0.49988787296
3010 0.499896213081
3011 0.499904547663
3012 0.499917025419
3013 0.499933642202
3014 0.499912934527
3015 0.499917107953
3016 0.499908849049
3017 0.499892311984
3018 0.499904768994
3019 0.499904800527
3020 0.499942071368
3021 0.499942090537
3022 0.499946244655
3023 0.499921460848
3024 0.499938015741
3025 0.499933905363
3026 0.499933927198
3027 0.499921564608
3028 0.499892703079
3029 0.499913365554
3030 0.499921642232
3031 0.499946404219
3032 0.49994642189
3033 0.499950559519
3034 0.49993410134
3035 0.499938240302
3036 0.499954724257
3037 0.49996296825
3038 0.499938301269
3039 0.499975328147
3040 0.500012330674
3041 0.500028763179
3042 0.500045184885
3043 0.50006980867
3044 0.500065680658
3045 0.500098489044
3046 0.5001189687
3047 0.500110727566
3048 0.500122990372
3049 0.500122950048
3050 0.500143394836
3051 0.500131060829
3052 0.50013511223
3053 0.500135067989
3054 0.500143207076
3055 0.500143160215
3056 0.500139024412
3057 0.500151241874
3058 0.500143019825
3059 0.50014705805
3060 0.500171511801
3061 0.500191867283
3062 0.500183642708
3063 0.500150945699
3064 0.500163131369
3065 0.500146770265
3066 0.500171176271
3067 0.5001792691
3068 0.500179210687
3069 0.500187295627
3070 0.500175023634
3071 0.500162759631
3072 0.500178977416
3073 0.500187051911
3074 0.500174795961
3075 0.50016254798
3076 0.500203119137
3077 0.50021523639
3078 0.500223285997
3079 0.500247564147
3080 0.500247483796
3081 0.500235236074
3082 0.500239214261
3083 0.500222923981
3084 0.500243111039
3085 0.500218728959
3086 0.500218658104
3087 0.500206443515
3088 0.50020233007
3089 0.500210355198
3090 0.500181979151
3091 0.50020213375
3092 0.500193985629
3093 0.500189882858
3094 0.500218092904
3095 0.500209947523
3096 0.500205843573
3097 0.500238056026
3098 0.500217811413
3099 0.500241934696
3100 0.50023379476
3101 0.500229689736
3102 0.50023364407
3103 0.500201352305
3104 0.500201287458
3105 0.500213296066
3106 0.500233343283
3107 0.50019707129
3108 0.500197007902
3109 0.50021302173
3110 0.500212953256
3111 0.500212884826
3112 0.500224862706
3113 0.500212748108
3114 0.500212679811
3115 0.500200576899
3116 0.500196502287
3117 0.500200448241
3118 0.500216414757
3119 0.500224358206
3120 0.50022428632
3121 0.500276264455
3122 0.500288183686
3123 0.500284090161
3124 0.500303999252
3125 0.500327894322
3126 0.500343779234
3127 0.50035166165
3128 0.500347554379
3129 0.500371404997
3130 0.500351324701
3131 0.500359194641
3132 0.500363069775
3133 0.500358965417
3134 0.500370812644
3135 0.5003706944
3136 0.500378545622
3137 0.500366474704
3138 0.500350429312
3139 0.500342355925
3140 0.500338267308
3141 0.500342138003
3142 0.50033407496
3143 0.500353847836
3144 0.500349760766
3145 0.500357596181
3146 0.500325706257
3147 0.500313690469
3148 0.500317560364
3149 0.500289681771
3150 0.50023801891
3151 0.500210183242
3152 0.50021804553
3153 0.500194197073
3154 0.500190173559
3155 0.50020991685
3156 0.500190053082
3157 0.500170201894
3158 0.500154320218
3159 0.500126581507
3160 0.50016608591
3161 0.500169986575
3162 0.500150173111
3163 0.500146174956
3164 0.500154027658
3165 0.500157927204
3166 0.500157877337
3167 0.500161773205
3168 0.500149888773
3169 0.500145898275
3170 0.500157678195
3171 0.500153687758
3172 0.500153639322
3173 0.500126023176
3174 0.50009055041
3175 0.50013775111
3176 0.500133773226
3177 0.50012193126
3178 0.500114028795
3179 0.500086477211
3180 0.500102168357
3181 0.500086422857
3182 0.500086395706
3183 0.500117775614
3184 0.50013736187
3185 0.500117701681
3186 0.500129431308
3187 0.5001215488
3188 0.500109751515
3189 0.500097961626
3190 0.500105765454
3191 0.500125312519
3192 0.500101784395
3193 0.500105666112
3194 0.500097808312
3195 0.500109511133
3196 0.500101657045
3197 0.50009380787
3198 0.500085963602
3199 0.500097655496
3200 0.500078099839
3201 0.500078075448
3202 0.500089758854
3203 0.500101434967
3204 0.50008580269
3205 0.500081876991
3206 0.500101340079
3207 0.500085722451
3208 0.500097381628
3209 0.500081774964
3210 0.500124571044
3211 0.50014009889
3212 0.500151726629
3213 0.500132233248
3214 0.500128304096
3215 0.50014769828
3216 0.50012822433
3217 0.500104878086
3218 0.500100962315
3219 0.500100930961
3220 0.500100899625
3221 0.50010086831
3222 0.500077566772
3223 0.500034893833
3224 0.500054262858
3225 0.500058120801
3226 0.500046482092
3227 0.500077446634
3228 0.500050324475
3229 0.500038698989
3230 0.500046424547
3231 0.500069615625
3232 0.500065727718
3233 0.500073437751
3234 0.50008500702
3235 0.500054078405
3236 0.500057923295
3237 0.500042463772
3238 0.500061746741
3239 0.500077159786
3240 0.500069422308
3241 0.500077112176
3242 0.500088651773
3243 0.500088624445
3244 0.500084745057
3245 0.500057762694
3246 0.500050045488
3247 0.500057727117
3248 0.500053862015
3249 0.500034614673
3250 0.500061518814
3251 0.500011530649
3252 0.500011527104
3253 0.500003840708
3254 0.499980798057
3255 0.499984643017
3256 0.50000383717
3257 0.499999999287
3258 0.500019176949
3259 0.499996164935
3260 0.499988499749
3261 0.499980839263
3262 0.499969352645
3263 0.499977021341
3264 0.499992342318
3265 0.500007653913
3266 0.499996173152
3267 0.499984699417
3268 0.499999999298
3269 0.500011467195
3270 0.499999999308
3271 0.499988538429
3272 0.499965627178
3273 0.499977091563
3274 0.499996182527
3275 0.500003814943
3276 0.499980926996
3277 0.499969492914
3278 0.499954253662
3279 0.499984755422
3280 0.499980950257
3281 0.499988573361
3282 0.499969539376
3283 0.49999619298
3284 0.500045661422
3285 0.500034235477
3286 0.500060845072
3287 0.500064628267
3288 0.500038004784
3289 0.500049391416
3290 0.500053174642
3291 0.50004556432
3292 0.500053142337
3293 0.500030357538
3294 0.500049316458
3295 0.50006067893
3296 0.500053077873
3297 0.500041691253
3298 0.500037889592
3299 0.500045453861
3300 0.500068160475
3301 0.500064354252
3302 0.500098394718
3303 0.500113498113
3304 0.500086988732
3305 0.50009074342
3306 0.500120954875
3307 0.50012091831
3308 0.500105771459
3309 0.500124621679
3310 0.50012080875
3311 0.500116998123
3312 0.500101870743
3313 0.500094296248
3314 0.500105580027
3315 0.500120626598
3316 0.500131895636
3317 0.500135623211
3318 0.500139348539
3319 0.500161896924
3320 0.50012420891
3321 0.500109120342
3322 0.500120372495
3323 0.500101533634
3324 0.500090224904
3325 0.500078922974
3326 0.500075142117
3327 0.500090143581
3328 0.500101381154
3329 0.500131380746
3330 0.500116330793
3331 0.500097538377
3332 0.500135012863
3333 0.500127473865
3334 0.500112443135
3335 0.500123650443
3336 0.500134851034
3337 0.500104852579
3338 0.500074872092
3339 0.500089819738
3340 0.500101017046
3341 0.500115947924
3342 0.500093478305
3343 0.500059808003
3344 0.500048579362
3345 0.500048564844
3346 0.50001493814
3347 0.500007466532
3348 0.500003731849
3349 0.500003730735
3350 0.499999999395
3351 0.500007457622
3352 0.500037279443
3353 0.500085717948
3354 0.500093143956
3355 0.500096840871
3356 0.500111706277
3357 0.500115395462
3358 0.500122803792
3359 0.500115326765
3360 0.500085539404
3361 0.500070641858
3362 0.500066903936
3363 0.500066884048
3364 0.500037146491
3365 0.500037135456
3366 0.500003711889
3367 0.499988865178
3368 0.499988868483
3369 0.500011126976
3370 0.50001483177
3371 0.500003706377
3372 0.50001111707
3373 0.500007408977
3374 0.500003703082
3375 0.500014809812
3376 0.50002220844
3377 0.500007400204
3378 0.50001109733
3379 0.499996301144
3380 0.500007393638
3381 0.49999630334
3382 0.499999999375
3383 0.499970448549
3384 0.499959378994
3385 0.499944624301
3386 0.499937259486
3387 0.499948346488
3388 0.499992622567
3389 0.500018435945
3390 0.500014744284
3391 0.49998157366
3392 0.499992631264
3393 0.499955803735
3394 0.499963180517
3395 0.499970552954
3396 0.499999999368
3397 0.500025749803
3398 0.500018387121
3399 0.500036764066
3400 0.500036753256
3401 0.500051439693
3402 0.500044078116
3403 0.50006242592
3404 0.500073420809
3405 0.500029359321
3406 0.500036688531
3407 0.500047681294
3408 0.500055000829
3409 0.500076978831
3410 0.500043974729
3411 0.500043961841
3412 0.500029299088
3413 0.499989015173
3414 0.499970716779
3415 0.499967066104
3416 0.499945126668
3417 0.499941485616
3418 0.499970751056
3419 0.499959794698
3420 0.499952498644
3421 0.499956165356
3422 0.499941571089
3423 0.499941588153
3424 0.499927006664
3425 0.499916082262
3426 0.499930696773
3427 0.499938009865
3428 0.499945318692
3429 0.499952623257
3430 0.499970853329
3431 0.499930797722
3432 0.499974511436
3433 0.499967238717
3434 0.499959970232
3435 0.499967257777
3436 0.499989088656
3437 0.499985455999
3438 0.499952747226
3439 0.499920057471
3440 0.499945509351
3441 0.49993099874
3442 0.499909235456
3443 0.499902002808
3444 0.499883889019
3445 0.499862158352
3446 0.499869451018
3447 0.499844111848
3448 0.499829660087
3449 0.499829709461
3450 0.499844247364
3451 0.499851534655
3452 0.499869677853
3453 0.499880572568
3454 0.499887843018
3455 0.499902343067
3456 0.499920450576
3457 0.499942162414
3458 0.499967475456
3459 0.499981935727
3460 0.500003610981
3461 0.500025273712
3462 0.500032485581
3463 0.50005412747
3464 0.500057719349
3465 0.50007573501
3466 0.500050475206
3467 0.500050460651
3468 0.500046842765
3469 0.500043226963
3470 0.500032410708
3471 0.500032401373
3472 0.500010796885
3473 0.500017990085
3474 0.499982013685
3475 0.499938865808
3476 0.499942478441
3477 0.499967653109
3478 0.499946104492
3479 0.499949711929
3480 0.499953317295
3481 0.499960510476
3482 0.499964110671
3483 0.499964120972
3484 0.499967718065
3485 0.499978484647
3486 0.499946228124
3487 0.499939076107
3488 0.499921180126
3489 0.499921202711
3490 0.499939128462
3491 0.499928407064
3492 0.49992842756
3493 0.499906982679
3494 0.499907009293
3495 0.499917762444
3496 0.499932083933
3497 0.499928529882
3498 0.499917832962
3499 0.499907142154
3500 0.499878605411
3501 0.499907195194
3502 0.49988581147
3503 0.499875142005
3504 0.499860912289
3505 0.499846690691
3506 0.499850298703
3507 0.499846778096
3508 0.499878882181
3509 0.499878916688
3510 0.499889631899
3511 0.499889663325
3512 0.499903927586
3513 0.499896840525
3514 0.499907538443
3515 0.499914675086
3516 0.499893374358
3517 0.49990761729
3518 0.499950269282
3519 0.499936078861
3520 0.499911246119
3521 0.499921918685
3522 0.499911296513
3523 0.499918415889
3524 0.49993616953
3525 0.499918462164
3526 0.499904308925
3527 0.499900792968
3528 0.49991853148
3529 0.499922095632
3530 0.499939818063
3531 0.499907983456
3532 0.499925699849
3533 0.499886813124
3534 0.499876236941
3535 0.499893947281
3536 0.499918715737
3537 0.499897540298
3538 0.499894037182
3539 0.499908191412
3540 0.499883506804
3541 0.499883539693
3542 0.499883572563
3543 0.49985186162
3544 0.499851903408
3545 0.499851945172
3546 0.499869607437
3547 0.499869644188
3548 0.499866158803
3549 0.499862675381
3550 0.499848633509
3551 0.499834599544
3552 0.499817055328
3553 0.499820623964
3554 0.499813642071
3555 0.499792603367
3556 0.499806718467
3557 0.49980677279
3558 0.499810339302
3559 0.499803370103
3560 0.499796404819
3561 0.499792952716
3562 0.499800027379
3563 0.499786054304
3564 0.499782608008
3565 0.499786174296
3566 0.499793242925
3567 0.499800307593
3568 0.499814373074
3569 0.499803920871
3570 0.499810976613
3571 0.499800531212
3572 0.499828574731
3573 0.499832120174
3574 0.499832167134
3575 0.499835709589
3576 0.499856722806
3577 0.499835801423
3578 0.499863788073
3579 0.499863826121
3580 0.499842920281
3581 0.499825515781
3582 0.499829053172
3583 0.499825613149
3584 0.499846582291
3585 0.499843139299
3586 0.499874546289
3587 0.499850194407
3588 0.499843270417
3589 0.499860723545
3590 0.49987120511
3591 0.499881680839
3592 0.499874755794
3593 0.499860878563
3594 0.499871348423
3595 0.499854003776
3596 0.499860994594
3597 0.49987840399
3598 0.499885384143
3599 0.499864582651
3600 0.499861149002
3601 0.499823014317
3602 0.499843879422
3603 0.499833517637
3604 0.4998231616
3605 0.499816277749
3606 0.499826725142
3607 0.499819844119
3608 0.499812966909
3609 0.499813018719
3610 0.499795762275
3611 0.499792358136
3612 0.499816633701
3613 0.499806308126
3614 0.499799446075
3615 0.499796044683
3616 0.499789189264
3617 0.499782337635
3618 0.499775489792
3619 0.499761739653
3620 0.499747997109
3621 0.499751517813
3622 0.499761936943
3623 0.49977924877
3624 0.499813792426
3625 0.499786265182
3626 0.499789770482
3627 0.499807055551
3628 0.499827775565
3629 0.499834710056
3630 0.49982787042
3631 0.49981415129
3632 0.4998245245
3633 0.499841771466
3634 0.499845253782
3635 0.499838420652
3636 0.499859086467
3637 0.49984881734
3638 0.499872903946
3639 0.499862636667
3640 0.499866107513
3641 0.499883305177
3642 0.499869612254
3643 0.499883369225
3644 0.499866254446
3645 0.499845720644
3646 0.499835480524
3647 0.499849231767
3648 0.499869826657
3649 0.49987671163
3650 0.49985277936
3651 0.499856242451
3652 0.499883656571
3653 0.499866583868
3654 0.499846100538
3655 0.499856399751
3656 0.499859857118
3657 0.499853061092
3658 0.499880431128
3659 0.499887294391
3660 0.499877082076
3661 0.499866875337
3662 0.499880561697
3663 0.499887417433
3664 0.499897680081
3665 0.499918166253
3666 0.499914779792
3667 0.499897763767
3668 0.499901198551
3669 0.499897819481
3670 0.499887632117
3671 0.49985702546
3672 0.499853661177
3673 0.499853701008
3674 0.499867346262
3675 0.499874183213
3676 0.499908212535
3677 0.499915034657
3678 0.499908262425
3679 0.499904890618
3680 0.499904916456
3681 0.499901547389
3682 0.499932119874
3683 0.499952496603
3684 0.499918588191
3685 0.499918610278
3686 0.499911851771
3687 0.499932211894
3688 0.499949172531
3689 0.499945798775
3690 0.499939040226
3691 0.499939056737
3692 0.49990184064
3693 0.499918786542
3694 0.499918808521
3695 0.499925594551
3696 0.499912090194
3697 0.499905353554
3698 0.499932413481
3699 0.499942566889
3700 0.499952714811
3701 0.499939221368
3702 0.499956115988
3703 0.499952753109
3704 0.499935896765
3705 0.499929168243
3706 0.499942675349
3707 0.499952804084
3708 0.49997303789
3709 0.499973045157
3710 0.499976420782
3711 0.499979794587
3712 0.499956234178
3713 0.499959611602
3714 0.499976446162
3715 0.499993271661
3716 0.499999999318
3717 0.500006723357
3718 0.499989915957
3719 0.500003359531
3720 0.500016795879
3721 0.500020149773
3722 0.500033574393
3723 0.500060418231
3724 0.500057046309
3725 0.500053676198
3726 0.500053661796
3727 0.500067059422
3728 0.500060337227
3729 0.500053618637
3730 0.500043553342
3731 0.500063638132
3732 0.500070318105
3733 0.500073646886
3734 0.500087014052
3735 0.500100374062
3736 0.500107037055
3737 0.500073568077
3738 0.500056832702
3739 0.500040106276
3740 0.500053460969
3741 0.500046765761
3742 0.500013357595
3743 0.500040063436
3744 0.500036714957
3745 0.500016683803
3746 0.500010007345
3747 0.500020010017
3748 0.500040010011
3749 0.500013332677
3750 0.500006664232
3751 0.500003330902
3752 0.499980015331
3753 0.499976690876
3754 0.499983354867
3755 0.499970047262
3756 0.499950092501
3757 0.499940127071
3758 0.499956769761
3759 0.499946807856
3760 0.499933527659
3761 0.499940190724
3762 0.499923597529
3763 0.499907013152
3764 0.499907037849
3765 0.499893785845
3766 0.499890495753
3767 0.499907111864
3768 0.499907136509
3769 0.499910476788
3770 0.499927074381
3771 0.499923779826
3772 0.49991054797
3773 0.499894010994
3774 0.499897350325
3775 0.499903998267
3776 0.499900714182
3777 0.499910666355
3778 0.499923921012
3779 0.499933861779
3780 0.499927267263
3781 0.499933896747
3782 0.499927305707
3783 0.499910808005
3784 0.499907529063
3785 0.499881140388
3786 0.499874570241
3787 0.499851504091
3788 0.499835048165
3789 0.499838389838
3790 0.499858216163
3791 0.499828585828
3792 0.499835222103
3793 0.49986491762
3794 0.499835308943
3795 0.499855109964
3796 0.499848563977
3797 0.499865059879
3798 0.499868385735
3799 0.499874999311
3800 0.499884898029
3801 0.499901367019
3802 0.499894819196
3803 0.499878416772
3804 0.499881733874
3805 0.499871912085
3806 0.499855528604
3807 0.499839153728
3808 0.499832632552
3809 0.499862204042
3810 0.499849120281
3811 0.499839322507
3812 0.499859034194
3813 0.499832851964
3814 0.49982961924
3815 0.499829663889
3816 0.499806784751
3817 0.499797013463
3818 0.499790520397
3819 0.499793847483
3820 0.499793901435
3821 0.499790684823
3822 0.499784200206
3823 0.499787525465
3824 0.499813724811
3825 0.499817040614
3826 0.499823620947
3827 0.499820401614
3828 0.499820448519
3829 0.499833550232
3830 0.499820542255
3831 0.499823851087
3832 0.499836941659
3833 0.499856546
3834 0.499856583407
3835 0.499866396608
3836 0.499863173678
3837 0.499843667903
3838 0.499846964679
3839 0.499833983695
3840 0.499843790006
3841 0.499840577154
3842 0.499843871302
3843 0.499843911918
3844 0.499840701541
3845 0.499834242699
3846 0.499811540788
3847 0.499811589764
3848 0.499811638715
3849 0.499795453874
3850 0.499808490632
3851 0.499821520622
3852 0.499828055389
3853 0.499824856623
3854 0.499815174431
3855 0.499805497261
3856 0.499799065966
3857 0.499799118048
3858 0.499808887654
3859 0.499815413842
3860 0.49981869915
3861 0.499812272764
3862 0.499822028847
3863 0.499809134944
3864 0.499825355091
3865 0.499828633578
3866 0.49981574797
3867 0.499809332315
3868 0.499786765932
3869 0.499780361081
3870 0.499764272122
3871 0.499764333002
3872 0.499754711435
3873 0.499780587871
3874 0.499790321919
3875 0.499783926066
3876 0.499790430077
3877 0.499793707425
3878 0.499780870684
3879 0.499800257054
3880 0.499793866881
3881 0.499797139967
3882 0.499790753888
3883 0.499797244419
3884 0.499806949124
3885 0.499794132099
3886 0.49978453752
3887 0.499797453023
3888 0.499807147693
3889 0.499813623998
3890 0.499784759019
3891 0.499775179175
3892 0.499797713158
3893 0.499807395313
3894 0.499817072496
3895 0.499813911033
3896 0.499807543592
3897 0.499826833598
3898 0.499826878011
3899 0.499823717276
3900 0.499830171072
3901 0.499830214596
3902 0.499843068759
3903 0.499811090514
3904 0.499782329668
3905 0.499779185193
3906 0.499779241711
3907 0.499766503929
3908 0.499747377172
3909 0.499744244854
3910 0.499744310247
3911 0.499737985013
3912 0.499696523736
3913 0.49970937593
3914 0.499731800093
3915 0.499722292485
3916 0.499738319472
3917 0.499728815053
3918 0.499760780142
3919 0.499748086063
3920 0.499741774384
3921 0.499732278778
3922 0.499713229003
3923 0.499745157334
3924 0.499735668123
3925 0.499758022761
3926 0.49976763366
3927 0.499774057373
3928 0.499774114879
3929 0.499774172356
3930 0.499780589503
3931 0.499761571045
3932 0.4997648099
3933 0.499771224533
3934 0.499790342389
3935 0.499780868218
3936 0.499787273884
3937 0.499787327903
3938 0.499790555286
3939 0.499784263265
3940 0.499809692283
3941 0.499784372728
3942 0.499781257242
3943 0.499759127104
3944 0.499733839621
3945 0.499727571541
3946 0.499702304866
3947 0.499696047948
3948 0.4996897942
3949 0.499693037287
3950 0.499674132446
3951 0.499655237173
3952 0.499630027147
3953 0.499607991226
3954 0.499636535352
3955 0.499627147958
3956 0.499624083229
3957 0.499602071079
3958 0.499617958406
3959 0.499621211444
3960 0.499599216691
3961 0.499605627786
3962 0.499596264773
3963 0.499596366623
3964 0.49959331584
3965 0.499599721957
3966 0.499612426845
3967 0.499634575925
3968 0.49963151859
3969 0.499622165564
3970 0.499634852002
3971 0.499634943933
3972 0.499638182051
3973 0.499650854882
3974 0.499669810638
3975 0.499651030508
3976 0.499676262842
3977 0.499682628783
3978 0.499685850035
3979 0.499704773185
3980 0.499717407005
3981 0.499704921466
3982 0.49968930386
3983 0.499689381846
3984 0.499692596553
3985 0.499680129767
3986 0.499658263668
3987 0.49965834936
3988 0.499683503953
3989 0.499696114607
3990 0.49969619075
3991 0.499680610542
3992 0.499680690529
3993 0.499661992312
3994 0.499649561272
3995 0.499640264587
3996 0.499609081133
3997 0.499615432032
3998 0.499628031327
3999 0.499628124319
