0 119 79 30 172
5 148 54 47 151
10 146 56 43 155
15 130 69 31 170
20 145 56 43 156
25 162 41 51 146
30 149 50 39 162
35 149 51 35 161
40 167 37 41 152
45 165 33 48 150
50 155 42 35 160
55 160 39 32 157
60 167 29 41 155
65 165 29 45 152
70 162 37 30 156
75 166 31 32 161
80 179 27 37 148
85 164 31 42 154
90 160 39 23 159
95 173 30 25 157
100 169 30 38 152
105 163 32 31 158
110 168 35 22 149
115 168 30 31 153
120 168 30 35 152
125 168 30 30 148
130 169 29 28 151
135 167 30 21 153
140 170 25 35 149
145 174 25 33 145
150 166 34 16 140
155 170 27 28 144
160 179 20 34 145
165 170 32 27 142
170 169 32 20 138
175 172 25 25 142
180 178 23 30 144
185 171 29 22 136
190 165 32 19 139
195 173 24 27 133
200 178 23 27 138
205 172 23 23 140
210 168 28 19 133
215 172 26 20 133
220 180 20 31 134
225 178 24 25 126
230 164 32 17 127
235 176 25 26 129
240 181 22 29 128
245 168 30 20 130
250 165 32 13 131
255 182 23 21 126
260 175 22 24 134
265 171 26 22 130
270 173 27 16 128
275 174 22 22 132
280 176 20 23 132
285 174 23 21 129
290 170 29 15 126
295 181 22 22 123
300 181 15 31 124
