0 0.376892433933
5 0.385422427126
10 0.399852285755
15 0.411212056677
20 0.419968844519
25 0.430610628938
30 0.43564009472
35 0.432382109726
40 0.428368928318
45 0.428719066503
50 0.427494232787
55 0.424045451754
60 0.422999078303
65 0.474032939515
70 0.477438457931
75 0.475820932123
80 0.476059047919
85 0.481359748998
90 0.484944223116
95 0.480159271715
100 0.480605508097
105 0.483906958252
110 0.484836887361
115 0.48017928977
120 0.481443474276
125 0.486772313507
130 0.488801111364
135 0.483367260545
140 0.485414537291
145 0.490933842129
150 0.492230891767
155 0.487679402447
160 0.48982654781
165 0.494858103908
170 0.49666979226
175 0.493976926431
180 0.496479489116
185 0.49832192974
190 0.49676690292
195 0.492476716845
200 0.496983653969
205 0.501374541471
210 0.500875917367
215 0.496799135581
220 0.50016006103
225 0.505215758872
230 0.503635726455
235 0.498625224249
240 0.504460280968
245 0.509338520053
250 0.507934654545
255 0.506963692399
260 0.511581022499
265 0.514352043677
270 0.511823402097
275 0.511110811805
280 0.516854093307
285 0.520324073318
290 0.517822805171
295 0.514172142165
300 0.517448880089
