0 0.698118698597
5 0.711254525185
10 0.732707381248
15 0.748533630371
20 0.758926427364
25 0.771456623077
30 0.776555979252
35 0.771141278744
40 0.763942277431
45 0.763081622124
50 0.761036741734
55 0.756465387344
60 0.754182934761
65 0.758042371273
70 0.761877465248
75 0.75994207859
80 0.759214746952
85 0.764896810055
90 0.769025409222
95 0.763405358791
100 0.763241899014
105 0.766818034649
110 0.768128752708
115 0.762840342522
120 0.763590121269
125 0.76983191967
130 0.77286440134
135 0.766699552536
140 0.768210721016
145 0.774741351604
150 0.776591908932
155 0.771616077423
160 0.773054111004
165 0.778693294525
170 0.780954945087
175 0.778000116348
180 0.780204260349
185 0.782435286045
190 0.780584931374
195 0.845383927226
200 0.849987506866
205 0.784981822968
210 0.784558522701
215 0.851512342691
220 0.854815766215
225 0.788612914085
230 0.859648346901
235 0.855224430561
240 0.860684350133
245 0.794956231117
250 0.793653070927
255 0.793163180351
260 0.799853861332
265 0.803869605064
270 0.801080048084
275 0.800839090347
280 0.809054362774
285 0.761958440145
290 0.811594259739
295 0.807800996304
300 0.812600493431
