0 0.250688587256
5 0.262515555535
10 0.259138447616
15 0.248363870406
20 0.205483068196
25 0.227340550754
30 0.228719293094
35 0.224856532627
40 0.189183908711
45 0.219644131844
50 0.170752528298
55 0.219722785466
60 0.187776613338
65 0.182468810653
70 0.174877857031
75 0.172485411628
80 0.201499998474
85 0.199395076583
90 0.164092076851
95 0.190601302769
100 0.203319496442
105 0.179616279649
110 0.174084572238
115 0.220073653366
120 0.196217151093
125 0.175263715442
130 0.169315871193
135 0.215962849063
140 0.226533804813
145 0.189108614198
150 0.145204608199
155 0.206635576429
160 0.176049951222
165 0.1599934375
170 0.160486694489
175 0.204758199316
180 0.175294722803
185 0.167119768893
190 0.14807840004
195 0.188017297154
200 0.19483440478
205 0.168173926938
210 0.161139661991
215 0.17071252625
220 0.174740268438
225 0.158096842444
230 0.168766512252
235 0.183750650967
240 0.184374827084
245 0.182414971162
250 0.137901544965
255 0.147855936674
260 0.146604351296
265 0.161256727138
270 0.170839873754
275 0.161590941871
280 0.141548504155
285 0.119422067683
290 0.152228844294
295 0.180775826942
300 0.187780984378
