0 0.783689649499
5 0.739706438035
10 0.721711999859
15 0.74689671097
20 0.771679507129
25 0.735878277873
30 0.733074421184
35 0.780607893076
40 0.781688134699
45 0.73751260875
50 0.759239768738
55 0.790112747431
60 0.792398454107
65 0.731697969331
70 0.759512367833
75 0.80108104962
80 0.797425317538
85 0.732695255632
90 0.749212354335
95 0.821446536395
100 0.800020351968
105 0.756815042618
110 0.772539942737
115 0.82717744814
120 0.804600002621
125 0.767573537604
130 0.792817683071
135 0.832820704275
140 0.789814252568
145 0.75973170976
150 0.798135669613
155 0.835513018841
160 0.792685883649
165 0.761772727416
170 0.817682439083
175 0.844069469416
180 0.815065506047
185 0.779431630199
190 0.830105008918
195 0.851497118242
200 0.796774162458
205 0.780892367967
210 0.836784530949
215 0.863811635285
220 0.789288071595
225 0.785098893424
230 0.820929882241
235 0.853463713968
240 0.800136305987
245 0.791730251064
250 0.850874018661
255 0.845055236074
260 0.808427933237
265 0.815009250866
270 0.855841188328
275 0.860575909423
280 0.798846028597
285 0.798587672266
290 0.852058465851
295 0.846805537324
300 0.788843029867
305 0.80787570898
310 0.857538515875
315 0.842001493235
320 0.799840651341
325 0.819515111905
330 0.859451961915
335 0.841752326932
340 0.804006219522
345 0.828162767492
350 0.870325243962
355 0.842345598832
360 0.800156287573
365 0.812774759801
370 0.861607083301
375 0.836464252138
380 0.799361756124
385 0.807339393956
390 0.857179505631
395 0.846450925963
400 0.802127661679
405 0.813504090117
410 0.865986150518
415 0.842472646563
420 0.816698532903
425 0.829524941811
430 0.862068328663
435 0.818941718772
440 0.805379235946
445 0.805095817544
450 0.858456642186
455 0.842973875647
460 0.798579754514
465 0.838241170154
470 0.866397013074
475 0.843760575023
480 0.799006401132
485 0.828381127492
490 0.878366670924
495 0.833316965321
500 0.801356354751
505 0.833435685417
510 0.85978905347
515 0.816413752288
520 0.79831496446
525 0.847398407272
530 0.86844058271
535 0.819298828583
540 0.818643153084
545 0.84932527464
550 0.862244993473
555 0.819724962493
560 0.8257408642
565 0.860760356256
570 0.861671822006
575 0.815329403096
580 0.804124820819
585 0.855675936742
590 0.854179017142
595 0.803352236273
600 0.814665363916
605 0.873957918558
610 0.871902070627
615 0.804877961684
620 0.836148949659
625 0.881875681539
630 0.862571288429
635 0.824424035095
640 0.839733987777
645 0.882795254532
650 0.857537087819
655 0.796267194916
660 0.815146141631
665 0.885478759198
670 0.86293540858
675 0.80254984664
680 0.838721422629
685 0.883821951451
690 0.869762563107
695 0.815465167275
700 0.830229107228
705 0.872337896323
710 0.862642285427
715 0.83435594008
720 0.833037808888
725 0.853742206218
730 0.848787097274
735 0.822018972913
740 0.856028820194
745 0.869078741843
750 0.841458446712
755 0.834924525237
760 0.867683729029
765 0.881025026773
770 0.84446761448
775 0.818997515693
780 0.85753476995
785 0.889187138126
790 0.845762591267
795 0.781384322963
800 0.846813542868
805 0.877137457751
810 0.833750970413
815 0.825601138978
820 0.842812315995
825 0.870625146937
830 0.834957057819
835 0.832187340678
840 0.861379160226
845 0.863073329267
850 0.836039943828
855 0.829145545089
860 0.883126063186
865 0.872068866971
870 0.810073321692
875 0.802460040806
880 0.866874969088
885 0.873775015381
890 0.81304189487
895 0.816974981502
900 0.856955294842
905 0.872745795118
910 0.826691384906
915 0.829975297689
920 0.877489056878
925 0.844577339071
930 0.815258705837
935 0.848557973967
940 0.869003736887
945 0.847242593532
950 0.812092548756
955 0.827662069948
960 0.873316754241
965 0.860037530249
970 0.826882261702
975 0.829571965893
980 0.869275492947
985 0.860982364289
990 0.822108812534
995 0.864593875096
1000 0.877948358714
1005 0.855923283488
1010 0.807813296765
1015 0.836267903698
1020 0.858168617497
1025 0.828333235976
1030 0.817897741009
1035 0.851732419863
1040 0.866564457398
1045 0.83946154932
1050 0.810869962861
1055 0.851577841252
1060 0.884655634518
1065 0.845725616007
1070 0.816193367519
1075 0.846585235476
1080 0.880867444552
1085 0.833901178723
1090 0.791255921758
1095 0.83791546005
1100 0.869543777341
1105 0.837938690198
1110 0.827139859315
1115 0.848188531585
1120 0.86647281107
1125 0.817601681701
1130 0.814972199088
1135 0.853764623794
1140 0.861081732965
1145 0.835964744423
1150 0.819230154462
1155 0.847585467883
1160 0.852497357398
1165 0.805154324004
1170 0.827531948336
1175 0.861899510883
1180 0.855174231535
1185 0.823641067341
1190 0.812167322256
1195 0.854251072124
1200 0.861297515564
