0 0.307954806834
5 0.275639502609
10 0.267885407043
15 0.298360184316
20 0.271132170374
25 0.227788362871
30 0.275543971035
35 0.306635948377
40 0.234552305782
45 0.255210986788
50 0.286910543484
55 0.284899545019
60 0.220886235194
65 0.2297958189
70 0.288001686459
75 0.243412609561
80 0.215322763584
85 0.227481868562
90 0.25511814087
95 0.24794232741
100 0.197205879235
105 0.249305565571
110 0.240975296633
115 0.269023968027
120 0.230174897505
125 0.243864876218
130 0.233296470916
135 0.222203978825
140 0.21357981999
145 0.201394977274
150 0.246774506755
155 0.218875432587
160 0.157419222078
165 0.245520920734
170 0.268397277035
175 0.202572335899
180 0.187667209158
185 0.210457982495
190 0.293285040871
195 0.229197287587
200 0.187416532387
205 0.207627248181
210 0.267762718428
215 0.230607039481
220 0.153312240156
225 0.232076781914
230 0.280583031476
235 0.222342955593
240 0.188071675599
245 0.250986234099
250 0.2378974534
255 0.206519103653
260 0.19198688205
265 0.240202607418
270 0.192928038305
275 0.184797068804
280 0.169837283861
285 0.209747858168
290 0.2827623263
295 0.176722573624
300 0.173980783972
