0 0.86666665694
5 0.86213369865
10 0.86186908542
15 0.853185022239
20 0.853830552249
25 0.853572579353
30 0.853929493037
35 0.860827541201
40 0.86518935965
45 0.86457897553
50 0.869163978983
55 0.864271175187
60 0.871166400749
65 0.866551302975
70 0.865658528025
75 0.867899116855
80 0.871383859353
85 0.869006015129
90 0.871935999993
95 0.871893913883
100 0.874787870818
105 0.873369889288
110 0.875545344045
115 0.8784028925
120 0.881761084188
125 0.880615528326
130 0.880290447925
135 0.885611147244
140 0.886133030335
145 0.881402782299
150 0.87941537634
155 0.887093110383
160 0.887120557281
165 0.877643376966
170 0.884648604757
175 0.888056475553
180 0.890924288332
185 0.892411817101
190 0.890178065511
195 0.896535142979
200 0.888822021378
205 0.890377744112
210 0.892357511073
215 0.895969662651
220 0.896041102563
225 0.89764425747
230 0.894585371392
235 0.895587076115
240 0.896972285548
245 0.896485089511
250 0.900235071594
255 0.898568565615
260 0.895587062836
265 0.901513209995
270 0.898588010782
275 0.902764143031
280 0.902071551332
285 0.902387675982
290 0.901265798853
295 0.906871540206
300 0.904404195631
