0 0.364036073139
0 0.0
0 0.0
0 0.0
0 0.15969697162
0 0.140386094433
0 0.224607316559
0 0.288770349658
0 0.339886470519
0 0.318240561238
0 0.357298560144
5 0.344691619895
5 0.0
5 0.0
5 0.0
5 0.0
5 0.120921999904
5 0.207050229138
5 0.272666095113
5 0.324939629786
5 0.304245620585
5 0.344105389655
10 0.344691619895
10 0.0
10 0.0
10 0.0
10 0.0
10 0.120921999904
10 0.207050229138
10 0.272666095113
10 0.324939629786
10 0.304245620585
10 0.344105389655
15 0.344691619895
15 0.0
15 0.0
15 0.0
15 0.0
15 0.120921999904
15 0.207050229138
15 0.272666095113
15 0.324939629786
15 0.304245620585
15 0.344105389655
20 0.434809474699
20 0.0
20 0.0
20 0.239812466568
20 0.201515141901
20 0.298069527835
20 0.366841614734
20 0.419234890165
20 0.389104451559
20 0.428009764858
20 0.460779085983
25 0.401072337047
25 0.0
25 0.0
25 0.0
25 0.15969697162
25 0.261308094337
25 0.333681906192
25 0.38881911708
25 0.43274472657
25 0.405185073845
25 0.43926202154
30 0.394399884326
30 0.0
30 0.0
30 0.0
30 0.15969697162
30 0.261308094337
30 0.333681906192
30 0.38881911708
30 0.43274472657
30 0.405185073845
30 0.43926202154
35 0.427698606347
35 0.0
35 0.0
35 0.239812466568
35 0.201515141901
35 0.298069527835
35 0.366841614734
35 0.419234890165
35 0.389104451559
35 0.428009764858
35 0.460779085983
40 0.420638749461
40 0.0
40 0.0
40 0.239812466568
40 0.201515141901
40 0.298069527835
40 0.366841614734
40 0.419234890165
40 0.389104451559
40 0.428009764858
40 0.403489085015
45 0.426401032189
45 0.0
45 0.0
45 0.239812466568
45 0.201515141901
45 0.298069527835
45 0.366841614734
45 0.419234890165
45 0.460974516081
45 0.431617029327
45 0.4068896893
50 0.426401032189
50 0.0
50 0.0
50 0.239812466568
50 0.201515141901
50 0.298069527835
50 0.366841614734
50 0.419234890165
50 0.460974516081
50 0.431617029327
50 0.4068896893
55 0.423238127205
55 0.0
55 0.0
55 0.239812466568
55 0.201515141901
55 0.298069527835
55 0.366841614734
55 0.419234890165
55 0.460974516081
55 0.431617029327
55 0.4068896893
60 0.423238127205
60 0.0
60 0.0
60 0.239812466568
60 0.201515141901
60 0.298069527835
60 0.366841614734
60 0.419234890165
60 0.460974516081
60 0.431617029327
60 0.4068896893
65 0.517342497974
65 0.0
65 0.5
65 0.380093766716
65 0.31939394324
65 0.40169418877
65 0.460313583245
65 0.504972139047
65 0.468679758831
65 0.502517262637
65 0.473728048174
70 0.513938129396
70 0.0
70 0.5
70 0.380093766716
70 0.31939394324
70 0.40169418877
70 0.460313583245
70 0.504972139047
70 0.468679758831
70 0.502517262637
70 0.473728048174
75 0.437144049445
75 0.0
75 0.0
75 0.239812466568
75 0.36121211352
75 0.317533622364
75 0.384398702154
75 0.435339144711
75 0.404051292291
75 0.442004705511
75 0.416682255504
80 0.417475844477
80 0.0
80 0.0
80 0.239812466568
80 0.201515141901
80 0.298069527835
80 0.366841614734
80 0.419234890165
80 0.389104451559
80 0.428009764858
80 0.403489085015
85 0.513938129396
85 0.0
85 0.5
85 0.380093766716
85 0.31939394324
85 0.40169418877
85 0.460313583245
85 0.504972139047
85 0.468679758831
85 0.502517262637
85 0.473728048174
90 0.513938129396
90 0.0
90 0.5
90 0.380093766716
90 0.31939394324
90 0.40169418877
90 0.460313583245
90 0.504972139047
90 0.468679758831
90 0.502517262637
90 0.473728048174
95 0.437144049445
95 0.0
95 0.0
95 0.239812466568
95 0.36121211352
95 0.317533622364
95 0.384398702154
95 0.435339144711
95 0.404051292291
95 0.442004705511
95 0.416682255504
100 0.513938129396
100 0.0
100 0.5
100 0.380093766716
100 0.31939394324
100 0.40169418877
100 0.460313583245
100 0.504972139047
100 0.468679758831
100 0.502517262637
100 0.473728048174
105 0.513938129396
105 0.0
105 0.5
105 0.380093766716
105 0.31939394324
105 0.40169418877
105 0.460313583245
105 0.504972139047
105 0.468679758831
105 0.502517262637
105 0.473728048174
110 0.417475844477
110 0.0
110 0.0
110 0.239812466568
110 0.201515141901
110 0.298069527835
110 0.366841614734
110 0.419234890165
110 0.389104451559
110 0.428009764858
110 0.403489085015
115 0.433739680866
115 0.0
115 0.0
115 0.239812466568
115 0.36121211352
115 0.317533622364
115 0.384398702154
115 0.435339144711
115 0.404051292291
115 0.442004705511
115 0.416682255504
120 0.417475844477
120 0.0
120 0.0
120 0.239812466568
120 0.201515141901
120 0.298069527835
120 0.366841614734
120 0.419234890165
120 0.389104451559
120 0.428009764858
120 0.403489085015
125 0.381380792675
125 0.0
125 0.0
125 0.0
125 0.15969697162
125 0.261308094337
125 0.333681906192
125 0.38881911708
125 0.360874662047
125 0.401577809376
125 0.378571416289
130 0.417475844477
130 0.0
130 0.0
130 0.239812466568
130 0.201515141901
130 0.298069527835
130 0.366841614734
130 0.419234890165
130 0.389104451559
130 0.428009764858
130 0.403489085015
135 0.433739680866
135 0.0
135 0.0
135 0.239812466568
135 0.36121211352
135 0.317533622364
135 0.384398702154
135 0.435339144711
135 0.404051292291
135 0.442004705511
135 0.416682255504
140 0.417475844477
140 0.0
140 0.0
140 0.239812466568
140 0.201515141901
140 0.298069527835
140 0.366841614734
140 0.419234890165
140 0.389104451559
140 0.428009764858
140 0.403489085015
145 0.381380792675
145 0.0
145 0.0
145 0.0
145 0.15969697162
145 0.261308094337
145 0.333681906192
145 0.38881911708
145 0.360874662047
145 0.401577809376
145 0.378571416289
150 0.417475844477
150 0.0
150 0.0
150 0.239812466568
150 0.201515141901
150 0.298069527835
150 0.366841614734
150 0.419234890165
150 0.389104451559
150 0.428009764858
150 0.403489085015
155 0.433739680866
155 0.0
155 0.0
155 0.239812466568
155 0.36121211352
155 0.317533622364
155 0.384398702154
155 0.435339144711
155 0.404051292291
155 0.442004705511
155 0.416682255504
160 0.417475844477
160 0.0
160 0.0
160 0.239812466568
160 0.201515141901
160 0.298069527835
160 0.366841614734
160 0.419234890165
160 0.389104451559
160 0.428009764858
160 0.403489085015
165 0.381380792675
165 0.0
165 0.0
165 0.0
165 0.15969697162
165 0.261308094337
165 0.333681906192
165 0.38881911708
165 0.360874662047
165 0.401577809376
165 0.378571416289
170 0.417475844477
170 0.0
170 0.0
170 0.239812466568
170 0.201515141901
170 0.298069527835
170 0.366841614734
170 0.419234890165
170 0.389104451559
170 0.428009764858
170 0.403489085015
175 0.433739680866
175 0.0
175 0.0
175 0.239812466568
175 0.36121211352
175 0.317533622364
175 0.384398702154
175 0.435339144711
175 0.404051292291
175 0.442004705511
175 0.416682255504
180 0.381380792675
180 0.0
180 0.0
180 0.0
180 0.15969697162
180 0.261308094337
180 0.333681906192
180 0.38881911708
180 0.360874662047
180 0.401577809376
180 0.378571416289
185 0.381380792675
185 0.0
185 0.0
185 0.0
185 0.15969697162
185 0.261308094337
185 0.333681906192
185 0.38881911708
185 0.360874662047
185 0.401577809376
185 0.378571416289
190 0.414071475898
190 0.0
190 0.0
190 0.239812466568
190 0.201515141901
190 0.298069527835
190 0.366841614734
190 0.419234890165
190 0.389104451559
190 0.428009764858
190 0.403489085015
195 0.433739680866
195 0.0
195 0.0
195 0.239812466568
195 0.36121211352
195 0.317533622364
195 0.384398702154
195 0.435339144711
195 0.404051292291
195 0.442004705511
195 0.416682255504
200 0.381380792675
200 0.0
200 0.0
200 0.0
200 0.15969697162
200 0.261308094337
200 0.333681906192
200 0.38881911708
200 0.360874662047
200 0.401577809376
200 0.378571416289
205 0.381380792675
205 0.0
205 0.0
205 0.0
205 0.15969697162
205 0.261308094337
205 0.333681906192
205 0.38881911708
205 0.360874662047
205 0.401577809376
205 0.378571416289
210 0.414071475898
210 0.0
210 0.0
210 0.239812466568
210 0.201515141901
210 0.298069527835
210 0.366841614734
210 0.419234890165
210 0.389104451559
210 0.428009764858
210 0.403489085015
215 0.433739680866
215 0.0
215 0.0
215 0.239812466568
215 0.36121211352
215 0.317533622364
215 0.384398702154
215 0.435339144711
215 0.404051292291
215 0.442004705511
215 0.416682255504
220 0.381380792675
220 0.0
220 0.0
220 0.0
220 0.15969697162
220 0.261308094337
220 0.333681906192
220 0.38881911708
220 0.360874662047
220 0.401577809376
220 0.378571416289
225 0.381380792675
225 0.0
225 0.0
225 0.0
225 0.15969697162
225 0.261308094337
225 0.333681906192
225 0.38881911708
225 0.360874662047
225 0.401577809376
225 0.378571416289
230 0.414071475898
230 0.0
230 0.0
230 0.239812466568
230 0.201515141901
230 0.298069527835
230 0.366841614734
230 0.419234890165
230 0.389104451559
230 0.428009764858
230 0.403489085015
235 0.433739680866
235 0.0
235 0.0
235 0.239812466568
235 0.36121211352
235 0.317533622364
235 0.384398702154
235 0.435339144711
235 0.404051292291
235 0.442004705511
235 0.416682255504
240 0.381380792675
240 0.0
240 0.0
240 0.0
240 0.15969697162
240 0.261308094337
240 0.333681906192
240 0.38881911708
240 0.360874662047
240 0.401577809376
240 0.378571416289
245 0.38454369766
245 0.0
245 0.0
245 0.0
245 0.15969697162
245 0.261308094337
245 0.333681906192
245 0.38881911708
245 0.360874662047
245 0.401577809376
245 0.378571416289
250 0.377976424097
250 0.0
250 0.0
250 0.0
250 0.15969697162
250 0.261308094337
250 0.333681906192
250 0.38881911708
250 0.360874662047
250 0.401577809376
250 0.378571416289
255 0.377976424097
255 0.0
255 0.0
255 0.0
255 0.15969697162
255 0.261308094337
255 0.333681906192
255 0.38881911708
255 0.360874662047
255 0.401577809376
255 0.378571416289
260 0.381380792675
260 0.0
260 0.0
260 0.0
260 0.15969697162
260 0.261308094337
260 0.333681906192
260 0.38881911708
260 0.360874662047
260 0.401577809376
260 0.378571416289
265 0.381380792675
265 0.0
265 0.0
265 0.0
265 0.15969697162
265 0.261308094337
265 0.333681906192
265 0.38881911708
265 0.360874662047
265 0.401577809376
265 0.378571416289
270 0.375530237371
270 0.0
270 0.0
270 0.0
270 0.15969697162
270 0.261308094337
270 0.333681906192
270 0.38881911708
270 0.360874662047
270 0.401577809376
270 0.378571416289
275 0.375530237371
275 0.0
275 0.0
275 0.0
275 0.15969697162
275 0.261308094337
275 0.333681906192
275 0.38881911708
275 0.360874662047
275 0.401577809376
275 0.378571416289
280 0.382097510934
280 0.0
280 0.0
280 0.0
280 0.15969697162
280 0.261308094337
280 0.333681906192
280 0.38881911708
280 0.360874662047
280 0.401577809376
280 0.378571416289
285 0.382097510934
285 0.0
285 0.0
285 0.0
285 0.15969697162
285 0.261308094337
285 0.333681906192
285 0.38881911708
285 0.360874662047
285 0.401577809376
285 0.378571416289
290 0.375530237371
290 0.0
290 0.0
290 0.0
290 0.15969697162
290 0.261308094337
290 0.333681906192
290 0.38881911708
290 0.360874662047
290 0.401577809376
290 0.378571416289
295 0.375530237371
295 0.0
295 0.0
295 0.0
295 0.15969697162
295 0.261308094337
295 0.333681906192
295 0.38881911708
295 0.360874662047
295 0.401577809376
295 0.378571416289
300 0.378934605949
300 0.0
300 0.0
300 0.0
300 0.15969697162
300 0.261308094337
300 0.333681906192
300 0.38881911708
300 0.360874662047
300 0.401577809376
300 0.378571416289
