0 0.409665644169
1 0.400941550732
2 0.405807713668
3 0.406744979322
4 0.400459390879
5 0.397885953387
6 0.39664883273
7 0.39768030867
8 0.395852675041
9 0.387670940161
10 0.380673161962
11 0.379273491601
12 0.379335249846
13 0.375314631632
14 0.375461186965
15 0.371153118089
16 0.372260149787
17 0.368756691615
18 0.369584762736
19 0.367507196963
20 0.366220364968
21 0.364616156979
22 0.36435778763
23 0.362653585772
24 0.361223869324
25 0.35882342091
26 0.358941728318
27 0.355539502842
28 0.351556022106
29 0.347972266376
30 0.34645354892
31 0.347027915996
32 0.345092682676
33 0.344724765157
34 0.341534611157
35 0.342339510719
36 0.341085926906
37 0.339812106208
38 0.337932799107
39 0.339072092623
40 0.337662472231
41 0.335148818436
42 0.333803960057
43 0.331947389651
44 0.330244531896
45 0.328732796337
46 0.326608951104
47 0.325091258623
48 0.322449920433
49 0.320117309391
50 0.318261664872
51 0.31726340663
52 0.316447797811
53 0.315807375091
54 0.312601674687
55 0.312755789076
56 0.311202066771
57 0.310335249479
58 0.30973519991
59 0.308555674056
60 0.307073273375
61 0.306453985312
62 0.304674950384
63 0.303460220108
64 0.302270898681
65 0.300137885366
66 0.298277228848
67 0.29579652802
68 0.293824128483
69 0.292647887979
70 0.290989440092
71 0.289885960105
72 0.288163616029
73 0.286735619645
74 0.285403061906
75 0.28452940344
76 0.283554499219
77 0.283115404348
78 0.282236261836
79 0.281288925
80 0.280809959512
81 0.280435267745
82 0.278847692961
83 0.277265600328
84 0.27590924817
85 0.2749001162
86 0.273626366737
87 0.271685776385
88 0.270247764299
89 0.269118111663
90 0.268770788561
91 0.267452418804
92 0.266806358451
93 0.265104442597
94 0.264037265197
95 0.263269827003
96 0.262804671584
97 0.261517928951
98 0.260772700487
99 0.260169501975
100 0.259294864196
101 0.258964686928
102 0.257800830438
103 0.256754865368
104 0.256081277629
105 0.254736513813
106 0.254061874873
107 0.252536717526
108 0.251681933983
109 0.250865365023
110 0.250134026816
111 0.249632780307
112 0.248888226605
113 0.247766172415
114 0.246947081452
115 0.246430663585
116 0.245138053647
117 0.244699215801
118 0.243938701055
119 0.243040090737
120 0.243205449983
121 0.242378702967
122 0.241338276706
123 0.240696677457
124 0.24033187443
125 0.240035619587
126 0.23916196653
127 0.23819594417
128 0.237418894216
129 0.236631450573
130 0.236205812231
131 0.235268665026
132 0.234291003443
133 0.233499640237
134 0.232587935251
135 0.232393177938
136 0.231302859411
137 0.230722566932
138 0.23009336922
139 0.229587209065
140 0.229193270259
141 0.228495671138
142 0.22774345261
143 0.227265846243
144 0.226626274555
145 0.225793564207
146 0.224751407547
147 0.224001125659
148 0.223570463891
149 0.223699799826
150 0.223045613395
151 0.222432236236
152 0.221481997788
153 0.221066368091
154 0.220440003468
155 0.219646192705
156 0.218777340214
157 0.218399282592
158 0.218078485262
159 0.218096651323
160 0.217590323609
161 0.217041654443
162 0.216608561804
163 0.216058549994
164 0.215172733547
165 0.214622160038
166 0.214034239957
167 0.213190869206
168 0.212854264227
169 0.212116442095
170 0.211702512719
171 0.211160502332
172 0.210466975594
173 0.210055028142
174 0.209688176598
175 0.208955898923
176 0.208290672824
177 0.207755463219
178 0.207506485034
179 0.207245580066
180 0.207006662302
181 0.206328791413
182 0.205920330651
183 0.205345704747
184 0.204736562355
185 0.203872973039
186 0.203266607926
187 0.202882510432
188 0.20289191923
189 0.20237265888
190 0.201793386245
191 0.201007788943
192 0.200419396645
193 0.200036535347
194 0.199816289869
195 0.199142807733
196 0.198493026745
197 0.198195707072
198 0.197976252073
199 0.197797824051
200 0.197214417697
201 0.196695476162
202 0.196706002551
203 0.196221840933
204 0.195727622454
205 0.19515769652
206 0.194671009024
207 0.194137273625
208 0.193842004557
209 0.19342145212
210 0.193158519159
211 0.19262094562
212 0.192231865643
213 0.191722231961
214 0.191216681776
215 0.190730397469
216 0.190241851136
217 0.189987461826
218 0.189905931671
219 0.189543655599
220 0.189076959767
221 0.188686060526
222 0.188447442006
223 0.187945212554
224 0.187486413833
225 0.186967172009
226 0.186520791149
227 0.186390893714
228 0.186013158704
229 0.185506941038
230 0.185048664335
231 0.184556657111
232 0.184153620569
233 0.183870753783
234 0.183379284229
235 0.182894803189
236 0.182636099258
237 0.182384614324
238 0.182243662602
239 0.181946671211
240 0.181411964471
241 0.180960468779
242 0.180576285294
243 0.18018941595
244 0.179693202081
245 0.179409758635
246 0.179033904227
247 0.178681183471
248 0.178369817859
249 0.178174147621
250 0.177621774435
251 0.177332653324
252 0.176996807248
253 0.176621306218
254 0.176183882677
255 0.175976955768
256 0.175763933923
257 0.175391818491
258 0.175118809645
259 0.174702101315
260 0.174168805196
261 0.174142589295
262 0.173639617549
263 0.173466110546
264 0.172898043369
265 0.172502095608
266 0.172374240761
267 0.172060794614
268 0.172010920014
269 0.171547556889
270 0.171139446242
271 0.170873112593
272 0.170475349185
273 0.170201395142
274 0.169810818515
275 0.169446958121
276 0.168990693153
277 0.168949442909
278 0.168649091783
279 0.168300067154
280 0.168017123252
281 0.167846924394
282 0.167478800136
283 0.167312962934
284 0.167045491803
285 0.166836593561
286 0.166630289306
287 0.166405023283
288 0.166176962218
289 0.16583906908
290 0.165624418081
291 0.16538865502
292 0.165201845353
293 0.164788547358
294 0.164594592495
295 0.164289996066
296 0.164008735243
297 0.163862578333
298 0.163487343797
299 0.163142007627
300 0.162904915508
