0 0.774999976158
1 0.78749999404
2 0.79583332936
3 0.80937500298
4 0.817500007153
5 0.814583341281
6 0.814285721098
7 0.82343750447
8 0.827777783076
9 0.83125000596
10 0.834090915593
11 0.835416674614
12 0.834615391034
13 0.839285718543
14 0.839166669051
15 0.84218750149
16 0.838235294118
17 0.843055556218
18 0.844736842733
19 0.843125000596
20 0.845238095238
21 0.846022727815
22 0.845108695652
23 0.848437500497
24 0.849500000477
25 0.851923078299
26 0.852777779102
27 0.854017857994
28 0.856465518475
29 0.857916667064
30 0.858870967742
31 0.860546875745
32 0.862121213566
33 0.862867648111
34 0.864285715989
35 0.863888891207
36 0.865202705602
37 0.866447371872
38 0.868589746646
39 0.86875000298
40 0.86981707666
41 0.870833337307
42 0.871802330017
43 0.871590913697
44 0.872222226196
45 0.873641308235
46 0.874468089418
47 0.874739587307
48 0.875255105447
49 0.876250003576
50 0.876715689313
51 0.87716346406
52 0.878066040435
53 0.879398150576
54 0.880454547839
55 0.880357145199
56 0.880701756268
57 0.880818967162
58 0.881567798429
59 0.882708334923
60 0.883196723266
61 0.883064518052
62 0.883928573321
63 0.884960939176
64 0.885192308976
65 0.886174243508
66 0.886567165602
67 0.887683824581
68 0.888405798138
69 0.888750001362
70 0.889084508721
71 0.889236112436
72 0.88989726158
73 0.890540541829
74 0.891166667938
75 0.891940790572
76 0.892370131109
77 0.893108975429
78 0.893829114829
79 0.893906250596
80 0.894598765874
81 0.894817073898
82 0.895331326019
83 0.89642857228
84 0.896911765547
85 0.897093024365
86 0.897413794337
87 0.898295456036
88 0.898876405834
89 0.899444445637
90 0.899587913529
91 0.89986413199
92 0.90053763569
93 0.901196809525
94 0.901973685465
95 0.902473959451
96 0.903092784365
97 0.9036989802
98 0.903914142137
99 0.904625000954
100 0.904950495994
101 0.905269608778
102 0.905703884305
103 0.906250000573
104 0.906190476531
105 0.906839623204
106 0.906775701269
107 0.907407407959
108 0.907339449869
109 0.907840909199
110 0.908108108216
111 0.908482142857
112 0.90896017678
113 0.909539473684
114 0.909456521532
115 0.909913792692
116 0.910470085266
117 0.910805084443
118 0.911029411464
119 0.911354166269
120 0.911363636167
121 0.911885245902
122 0.912398374178
123 0.912600806644
124 0.912800000191
125 0.913293651172
126 0.913877953225
127 0.914160156623
128 0.914437984773
129 0.914711538645
130 0.914694656853
131 0.915151515693
132 0.915507519156
133 0.915485075161
134 0.915740741182
135 0.915808824055
136 0.916423358186
137 0.916938406402
138 0.916996403564
139 0.917232143453
140 0.917375887117
