0 0.433091491461
1 0.403022706509
2 0.430104255676
3 0.377278238535
4 0.375907748938
5 0.413027375937
6 0.398306816816
7 0.357294499874
8 0.359654963017
9 0.326593488455
10 0.343322813511
11 0.358058869839
12 0.352869212627
13 0.328730672598
14 0.375612169504
15 0.250290870667
16 0.463817685843
17 0.255529224873
18 0.391886293888
19 0.335018068552
20 0.295415014029
21 0.344808757305
22 0.322081565857
23 0.256186306477
24 0.280020058155
25 0.265434920788
26 0.305275589228
27 0.262662947178
28 0.190856412053
29 0.245667770505
30 0.263147592545
31 0.27978348732
32 0.228850886226
33 0.266682714224
34 0.201771736145
35 0.271539539099
36 0.288582384586
37 0.287992417812
38 0.206267863512
39 0.278028249741
40 0.211502224207
41 0.26638931036
42 0.236283615232
43 0.240327000618
44 0.219024702907
45 0.225730895996
46 0.188464358449
47 0.202418297529
48 0.16196103394
49 0.167339533567
50 0.211289793253
51 0.23277130723
52 0.192541942
53 0.17984162271
54 0.128422662616
55 0.246091753244
56 0.244302555919
57 0.199988946319
58 0.19472424686
59 0.14628687501
60 0.206229656935
61 0.289553642273
62 0.149681761861
63 0.195152550936
64 0.202630728483
65 0.169005393982
66 0.164976254106
67 0.105775073171
68 0.140523284674
69 0.174221724272
70 0.169459208846
71 0.219062283635
72 0.160726636648
73 0.15866060555
74 0.129396662116
75 0.167095258832
76 0.221192002296
77 0.142915129662
78 0.152035906911
79 0.197749689221
80 0.181468293071
81 0.218779474497
82 0.14161208272
83 0.111195348203
84 0.175569161773
85 0.215393036604
86 0.16334541142
87 0.0913364738226
88 0.122369542718
89 0.109425619245
90 0.16640624404
91 0.166112989187
92 0.130577236414
93 0.0940761715174
94 0.106244802475
95 0.181257560849
96 0.128215134144
97 0.109857425094
98 0.157209992409
99 0.114041686058
100 0.172446087003
101 0.166627883911
102 0.115041896701
103 0.102104365826
104 0.185833543539
105 0.0730307772756
106 0.203823059797
107 0.0745524540544
108 0.170784398913
109 0.109077379107
110 0.189474195242
111 0.163013905287
112 0.130468517542
113 0.106982335448
114 0.137610688806
115 0.121379509568
116 0.064911365509
117 0.13622045517
118 0.147774636745
119 0.122875489295
120 0.250166386366
121 0.0631764307618
122 0.119701400399
123 0.144879132509
124 0.215139344335
125 0.080225661397
126 0.0771521776915
127 0.130054011941
128 0.126942008734
129 0.160935997963
130 0.205014750361
131 0.0974491983652
132 0.0859441533685
133 0.13450820744
134 0.0973373427987
135 0.212324947119
136 0.0566437318921
137 0.0732230097055
138 0.150461688638
139 0.184646308422
140 0.145254805684
