0 0.8125
1 0.824999988079
2 0.762499988079
3 0.787500023842
4 0.837499976158
5 0.837499976158
6 0.862500011921
7 0.824999988079
8 0.850000023842
9 0.887499988079
10 0.899999976158
11 0.837499976158
12 0.787500023842
13 0.787500023842
14 0.8125
15 0.875
16 0.762499988079
17 0.875
18 0.875
19 0.837499976158
20 0.824999988079
21 0.850000023842
22 0.824999988079
23 0.837499976158
24 0.875
25 0.850000023842
26 0.8125
27 0.862500011921
28 0.887499988079
29 0.899999976158
30 0.887499988079
31 0.774999976158
32 0.912500023842
33 0.800000011921
34 0.899999976158
35 0.887499988079
36 0.850000023842
37 0.850000023842
38 0.837499976158
39 0.800000011921
40 0.800000011921
41 0.862500011921
42 0.837499976158
43 0.837499976158
44 0.824999988079
45 0.862500011921
46 0.862500011921
47 0.850000023842
48 0.837499976158
49 0.899999976158
50 0.850000023842
51 0.8125
52 0.912500023842
53 0.787500023842
54 0.9375
55 0.800000011921
56 0.887499988079
57 0.875
58 0.824999988079
59 0.837499976158
60 0.850000023842
61 0.850000023842
62 0.887499988079
63 0.824999988079
64 0.850000023842
65 0.925000011921
66 0.837499976158
67 0.850000023842
68 0.875
69 0.899999976158
70 0.837499976158
71 0.837499976158
72 0.862500011921
73 0.8125
74 0.887499988079
75 0.837499976158
76 0.862500011921
77 0.850000023842
78 0.850000023842
79 0.850000023842
80 0.850000023842
81 0.8125
82 0.850000023842
83 0.800000011921
84 0.875
85 0.824999988079
86 0.862500011921
87 0.824999988079
88 0.875
89 0.850000023842
90 0.787500023842
91 0.875
92 0.8125
93 0.887499988079
94 0.800000011921
95 0.837499976158
96 0.837499976158
97 0.899999976158
98 0.837499976158
99 0.8125
100 0.887499988079
101 0.8125
102 0.850000023842
103 0.837499976158
104 0.862500011921
105 0.837499976158
106 0.899999976158
107 0.875
108 0.899999976158
109 0.824999988079
110 0.862500011921
111 0.875
112 0.800000011921
113 0.899999976158
114 0.774999976158
115 0.887499988079
116 0.899999976158
117 0.800000011921
118 0.875
119 0.887499988079
120 0.787500023842
121 0.850000023842
122 0.837499976158
123 0.850000023842
124 0.850000023842
125 0.875
126 0.899999976158
127 0.862500011921
128 0.899999976158
129 0.850000023842
130 0.800000011921
131 0.862500011921
132 0.824999988079
133 0.862500011921
134 0.824999988079
135 0.912500023842
136 0.862500011921
137 0.850000023842
138 0.862500011921
139 0.824999988079
140 0.862500011921
141 0.850000023842
142 0.787500023842
143 0.925000011921
144 0.862500011921
145 0.862500011921
146 0.837499976158
147 0.887499988079
148 0.875
149 0.837499976158
150 0.887499988079
151 0.787500023842
152 0.912500023842
153 0.787500023842
154 0.887499988079
155 0.837499976158
156 0.824999988079
157 0.887499988079
158 0.850000023842
159 0.850000023842
160 0.887499988079
161 0.862500011921
162 0.8125
163 0.875
164 0.899999976158
165 0.8125
166 0.887499988079
167 0.912500023842
168 0.862500011921
169 0.875
170 0.850000023842
171 0.850000023842
172 0.925000011921
173 0.762499988079
174 0.899999976158
175 0.850000023842
176 0.850000023842
177 0.800000011921
178 0.899999976158
179 0.875
180 0.850000023842
181 0.875
182 0.887499988079
183 0.8125
184 0.875
185 0.887499988079
186 0.887499988079
187 0.862500011921
188 0.8125
189 0.875
190 0.837499976158
191 0.887499988079
192 0.8125
193 0.850000023842
194 0.912500023842
195 0.875
196 0.8125
197 0.887499988079
198 0.899999976158
199 0.887499988079
200 0.899999976158
201 0.850000023842
202 0.912500023842
203 0.887499988079
204 0.875
205 0.862500011921
206 0.912500023842
207 0.887499988079
208 0.850000023842
209 0.875
210 0.824999988079
211 0.9375
212 0.800000011921
213 0.837499976158
214 0.875
215 0.824999988079
216 0.875
217 0.837499976158
218 0.875
219 0.875
220 0.850000023842
221 0.887499988079
222 0.887499988079
223 0.862500011921
224 0.875
225 0.850000023842
226 0.925000011921
227 0.862500011921
228 0.875
229 0.899999976158
230 0.800000011921
231 0.862500011921
232 0.862500011921
233 0.875
234 0.912500023842
235 0.837499976158
236 0.837499976158
237 0.837499976158
238 0.824999988079
239 0.887499988079
240 0.875
241 0.875
242 0.862500011921
243 0.899999976158
244 0.899999976158
245 0.899999976158
246 0.850000023842
247 0.837499976158
248 0.912500023842
249 0.837499976158
250 0.9375
251 0.887499988079
252 0.850000023842
253 0.875
254 0.912500023842
255 0.824999988079
256 0.850000023842
257 0.875
258 0.862500011921
259 0.899999976158
260 0.837499976158
261 0.912500023842
262 0.887499988079
263 0.912500023842
264 0.9375
265 0.899999976158
266 0.824999988079
267 0.862500011921
268 0.899999976158
269 0.824999988079
270 0.949999988079
271 0.8125
272 0.875
273 0.899999976158
274 0.800000011921
275 0.862500011921
276 0.887499988079
277 0.850000023842
278 0.899999976158
279 0.850000023842
280 0.899999976158
281 0.875
282 0.887499988079
283 0.899999976158
284 0.899999976158
285 0.887499988079
286 0.850000023842
287 0.899999976158
288 0.899999976158
289 0.862500011921
290 0.887499988079
291 0.837499976158
292 0.887499988079
293 0.887499988079
294 0.850000023842
295 0.837499976158
296 0.850000023842
297 0.899999976158
298 0.875
299 0.8125
300 0.925000011921
