0 6 4 4 8
5 6 4 4 8
10 6 4 4 8
15 6 4 4 8
20 7 3 4 8
25 7 3 4 8
30 7 3 4 8
35 7 3 4 8
40 7 3 4 8
45 7 3 4 8
50 7 3 4 7
55 7 3 4 7
60 7 3 4 7
65 7 3 4 7
70 7 3 4 7
75 8 2 4 7
80 8 2 4 7
85 8 2 4 7
90 8 2 4 7
95 8 2 4 7
100 8 2 4 7
105 7 3 4 7
110 8 2 4 7
115 8 2 4 7
120 7 3 4 7
125 7 3 4 7
130 7 3 4 7
135 7 3 4 7
140 7 3 4 7
145 7 3 4 7
150 7 3 4 7
155 7 3 4 7
160 7 3 4 7
165 7 3 4 7
170 7 3 4 7
175 7 3 4 7
180 7 3 4 7
185 7 3 4 7
190 7 3 4 7
195 7 3 4 7
200 7 3 4 7
205 7 3 4 7
210 7 3 4 7
215 7 3 4 7
220 7 3 4 7
225 7 3 4 7
230 7 3 4 7
235 7 3 4 7
240 7 3 4 7
