0 0.61649505496
5 0.616781103611
10 0.61577731967
15 0.619237455726
20 0.620405030251
25 0.620619153976
30 0.621928933263
35 0.625835308433
40 0.632710134983
45 0.635513034463
50 0.638021969795
55 0.640479627252
60 0.646174544096
65 0.65123334527
70 0.65312473774
75 0.652871271968
80 0.651799538732
85 0.656647968292
90 0.659394538403
95 0.658272206783
100 0.658098727465
105 0.65778182745
110 0.662142434716
115 0.663084152341
120 0.661447575688
125 0.660801771283
130 0.661023429036
135 0.665221756697
140 0.665494656563
145 0.663626873493
150 0.662119409442
155 0.663961857557
160 0.665960991383
165 0.664915856719
170 0.663887736201
175 0.662167418003
180 0.665824633837
185 0.666998368502
190 0.665946400166
195 0.665644091368
200 0.665181267262
205 0.669474062324
210 0.669924974442
215 0.670119994879
220 0.671094566584
225 0.671895328164
230 0.675844925642
235 0.674408563972
240 0.673575401306
