0 0.774528245131
2 0.775030603011
4 0.775214840968
6 0.774983048439
8 0.773883938789
10 0.773717731237
12 0.774904857079
14 0.775580704212
16 0.775693992774
18 0.775229007006
20 0.735425795828
22 0.735599568912
24 0.734632321766
26 0.734662072999
28 0.734812745026
30 0.734370725495
32 0.77304293712
34 0.77462002635
36 0.738061853818
38 0.740108728409
40 0.742335762296
42 0.743440508842
44 0.744435795716
46 0.745685551848
48 0.745912773269
50 0.746507908617
52 0.747270541532
54 0.747681370803
56 0.747536769935
58 0.749270915985
60 0.75251349381
62 0.754852218287
64 0.757041735309
66 0.757854734148
68 0.75859697376
70 0.759186736175
72 0.758675021785
74 0.759132896151
76 0.726998284459
78 0.727229118347
80 0.726730309427
82 0.727618679404
84 0.729793198407
86 0.730708107352
88 0.731903679669
90 0.731632255018
92 0.73162869364
94 0.731576316059
96 0.730825088918
98 0.731272168458
100 0.764433775629
102 0.764979209219
104 0.765208252839
106 0.76708401101
108 0.736760869622
110 0.73883228749
112 0.741256870329
114 0.742044731975
116 0.742922022939
118 0.743147738278
120 0.742161393166
122 0.742390193045
124 0.741314291954
126 0.774983848844
128 0.773955753871
130 0.77442491906
132 0.775929152966
134 0.776347202914
136 0.777019645487
138 0.776634718691
140 0.777071101325
142 0.777054488659
144 0.776449944292
146 0.777428771768
148 0.776980570384
150 0.777318188122
152 0.777406454086
154 0.778724661895
156 0.780818113259
158 0.78174168723
160 0.782659019743
162 0.782465491976
164 0.782975946154
166 0.783722894532
168 0.783904509885
170 0.7848944664
172 0.784805910928
174 0.784842584814
176 0.784917644092
178 0.786190509796
180 0.788199578013
182 0.789194839341
184 0.790302182947
186 0.790265696389
188 0.790468352182
190 0.790524201734
192 0.790193310806
194 0.790365534169
196 0.789949834347
198 0.789737650326
200 0.789181521961
202 0.789647681373
204 0.790583414691
206 0.79035443919
208 0.790205538273
