0 0.253448536464
2 0.254004264619
4 0.254383399966
6 0.254633838738
8 0.254198615323
10 0.254886026514
12 0.256903231289
14 0.258555389766
16 0.259825388212
18 0.260502211488
20 0.212639743544
22 0.213224930956
24 0.212901591242
26 0.2133269532
28 0.21379975162
30 0.213889181265
32 0.261277195852
34 0.262635317185
36 0.21805447957
38 0.220059314324
40 0.222260099975
42 0.223503008974
44 0.224723555474
46 0.226219593629
48 0.226835605805
50 0.227667122928
52 0.228613350762
54 0.22929304986
56 0.229473402107
58 0.231133823388
60 0.233990120224
62 0.236082281347
64 0.238099011511
66 0.238876929507
68 0.239705886564
70 0.240520350507
72 0.240357140219
74 0.240897807747
76 0.176039958656
78 0.175681699751
80 0.174746187397
82 0.175100219436
84 0.176562243687
86 0.176903414715
88 0.177462744701
90 0.176860686675
92 0.17635939442
94 0.175715159159
96 0.174460760667
98 0.174342420236
100 0.238741779269
102 0.238528028305
104 0.237919824326
106 0.239525632543
108 0.177075747401
110 0.178492290557
112 0.180173074434
114 0.180492244355
116 0.180839339824
118 0.180544476076
120 0.17921071974
122 0.179033203698
124 0.177725071662
126 0.241229453136
128 0.23925798214
130 0.23936405853
132 0.240629449516
134 0.240587487054
136 0.240892784396
138 0.239890193788
140 0.239769967692
142 0.238837717311
144 0.237138634635
146 0.237523824023
148 0.23611973222
150 0.235856079217
152 0.235240598553
154 0.236381860287
156 0.238361735467
158 0.238955342741
160 0.239696153585
162 0.238903125311
164 0.238950362982
166 0.239129005175
168 0.238631004741
170 0.239355466212
172 0.238631390961
174 0.238277616189
176 0.237852403551
178 0.239112762065
180 0.241277552466
182 0.242206157703
184 0.243455842329
186 0.243150977866
188 0.242945957248
190 0.242345731787
192 0.241190301749
194 0.240980384545
196 0.239982113888
198 0.239440908568
200 0.238331088988
202 0.23876509128
204 0.239805207215
206 0.239245438349
208 0.238804554817
