0 0.648680285804
920 0.627375966376
1840 0.624627546489
2760 0.630652934616
3680 0.634429708719
4600 0.640604846088
5520 0.645702654689
6440 0.652058368561
7360 0.65479589072
8280 0.66197708836
9200 0.664232395632
10120 0.669388555732
11040 0.673345428965
11960 0.678173092813
12880 0.681041654926
13800 0.685501851511
14720 0.688710100932
15640 0.692311043123
16560 0.695000946899
17480 0.699719929381
18400 0.701291616912
19320 0.705534184177
20240 0.708227770983
21160 0.711670692906
22080 0.713230146965
23000 0.718078752876
23920 0.719404200205
24840 0.723987402453
25760 0.724799707922
26680 0.728100012632
27600 0.729307728899
28520 0.732544523377
29440 0.734253080526
30360 0.737416103818
31280 0.739690161636
32200 0.742311362638
33120 0.742901742369
34040 0.747787381748
34960 0.747881950735
35880 0.750899517446
36800 0.751864418189
37720 0.756157068404
38640 0.757234261307
39560 0.75914485666
40480 0.761881555559
41400 0.764665884037
42320 0.764984865114
43240 0.767807654877
44160 0.771360163104
45080 0.77394039369
45890 0.773419055394
