0 0.228216361254
5 0.226979946718
10 0.225328052416
15 0.220991918817
20 0.218389218673
25 0.215427696705
30 0.212167581543
35 0.207976482809
40 0.20149464719
45 0.196987269446
50 0.192732440308
55 0.19018727541
60 0.186355568469
65 0.182566851377
70 0.180864347145
75 0.179681573063
80 0.179913794622
85 0.17622896377
90 0.174605087377
95 0.174506308511
100 0.174150536768
105 0.174396904185
110 0.171410989016
115 0.172021145001
120 0.173606748693
125 0.173122779466
130 0.172502432019
135 0.169342715293
140 0.168685280718
145 0.168266574852
150 0.168150055222
155 0.16759136226
160 0.166361128911
165 0.166940117255
170 0.167621708475
175 0.16911875736
180 0.167199539021
185 0.166698501445
190 0.167943900451
195 0.169237736613
200 0.171378528699
205 0.170533054508
210 0.170940744691
215 0.171725336462
220 0.171774083748
225 0.170993433334
230 0.168203024194
235 0.168298971839
240 0.168958766386
