0 0.859766550362
2 0.859447538853
4 0.859468154609
6 0.859829492867
8 0.860829636455
10 0.861076168716
12 0.860310092568
14 0.859945416451
16 0.859949104488
18 0.860369488597
20 0.861094430089
22 0.86132851243
24 0.862295925617
26 0.862572483718
28 0.862760931253
30 0.863249495625
32 0.863775067031
34 0.863022007048
36 0.861347004771
38 0.860177107155
40 0.858833923936
42 0.858216814697
44 0.857645146549
46 0.856851503253
48 0.856722712517
50 0.856406703591
52 0.855994343758
54 0.855766430497
56 0.855913154781
58 0.854895763099
60 0.85292108357
62 0.851533956826
64 0.850182130933
66 0.84979083389
68 0.849394455552
70 0.849020965397
72 0.849400214851
74 0.849233433604
76 0.849336571991
78 0.849490091205
80 0.850108042359
82 0.84980493784
84 0.84865989536
86 0.848364181817
88 0.847840286791
90 0.848308488727
92 0.848590604961
94 0.848855115473
96 0.849605798721
98 0.849593125284
100 0.84995867312
102 0.8499847278
104 0.850240699947
106 0.849250778556
108 0.847452521324
110 0.846379928291
112 0.845021218061
114 0.844767607749
116 0.844416901469
118 0.844444058836
120 0.845319330692
122 0.845411226153
124 0.846406184137
126 0.847185321152
128 0.848344095051
130 0.848374523222
132 0.847660593688
134 0.847770892084
136 0.847668111324
138 0.848344177008
140 0.84838014096
142 0.848731912673
144 0.849560141563
146 0.849241606891
148 0.850002363324
150 0.850114911795
152 0.850404150784
154 0.849786043167
156 0.848589032888
158 0.848265245557
160 0.847920574248
162 0.848417468369
164 0.848353900015
166 0.848086185753
168 0.848280698061
170 0.847921088338
172 0.848387375474
174 0.848716340959
176 0.849040910602
178 0.848501034081
180 0.847410842776
182 0.847075372934
184 0.846600227058
186 0.847012341022
188 0.847198978066
190 0.847477562726
192 0.848067030311
194 0.848312228918
196 0.849031403661
198 0.849549643695
200 0.850305370986
202 0.850303925574
204 0.849938698113
206 0.850478097796
208 0.850935362279
