0 0.596602988325
0 0.0
0 0.0
0 0.0
0 0.0
0 0.0
0 0.0
0 0.0
0 0.0
0 0.0
0 0.0
920 0.59213581332
920 0.0
920 0.0
920 0.0
920 0.0
920 0.0
920 0.0
920 0.0
920 0.0
920 0.0
920 0.0
1840 0.595619796916
1840 0.0
1840 0.0
1840 0.0
1840 0.0
1840 0.0
1840 0.0
1840 0.0
1840 0.0
1840 0.0
1840 0.0
2760 0.598027606509
2760 0.0
2760 0.0
2760 0.0
2760 0.0
2760 0.0
2760 0.0
2760 0.0
2760 0.0
2760 0.0
2760 0.0
3680 0.593966167705
3680 0.0
3680 0.0
3680 0.0
3680 0.0
3680 0.0
3680 0.0
3680 0.0
3680 0.0
3680 0.0
3680 0.0
4600 0.59660498916
4600 0.0
4600 0.0
4600 0.0
4600 0.0
4600 0.0
4600 0.0
4600 0.0
4600 0.0
4600 0.0
4600 0.0
5520 0.60264038749
5520 0.0
5520 0.0
5520 0.0
5520 0.0
5520 0.0
5520 0.0
5520 0.0
5520 0.0
5520 0.0
5520 0.0
6440 0.60211942217
6440 0.0
6440 0.0
6440 0.0
6440 0.0
6440 0.0
6440 0.0
6440 0.0
6440 0.0
6440 0.0
6440 0.0
7360 0.60264038749
7360 0.0
7360 0.0
7360 0.0
7360 0.0
7360 0.0
7360 0.0
7360 0.0
7360 0.0
7360 0.0
7360 0.0
8280 0.60211942217
8280 0.0
8280 0.0
8280 0.0
8280 0.0
8280 0.0
8280 0.0
8280 0.0
8280 0.0
8280 0.0
8280 0.0
9200 0.607180034183
9200 0.0
9200 0.0
9200 0.0
9200 0.0
9200 0.0
9200 0.0
9200 0.0
9200 0.0
9200 0.0
9200 0.0
10120 0.606647351437
10120 0.0
10120 0.0
10120 0.0
10120 0.0
10120 0.0
10120 0.0
10120 0.0
10120 0.0
10120 0.0
10120 0.0
