0 0.762499988079
1 0.737499982119
2 0.745833317439
3 0.762499988079
4 0.774999988079
5 0.777083327373
6 0.783928564617
7 0.781249992549
8 0.781944440471
9 0.786249995232
10 0.790909084407
11 0.790624996026
12 0.795192305858
13 0.791964284011
14 0.793333331744
15 0.795312497765
16 0.794852940475
17 0.793749998013
18 0.796710525688
19 0.797499999404
20 0.796428569726
21 0.796590908007
22 0.798369563144
23 0.797395830353
24 0.800499997139
25 0.799999998166
26 0.800925923718
27 0.802678570151
28 0.80517241256
29 0.804999999205
30 0.806854838325
31 0.807812498882
32 0.808333331888
33 0.80845588095
34 0.811428570747
35 0.810069443451
36 0.810472971684
37 0.809539471802
38 0.811217946884
39 0.810624998808
40 0.810060975028
41 0.810416665815
42 0.811627906422
43 0.8125
44 0.813888888889
45 0.814402173395
46 0.814893616007
47 0.815104165425
48 0.816581631193
49 0.817249999046
50 0.818382352006
51 0.818990384157
52 0.819339621742
53 0.81921296208
54 0.819090908224
55 0.819196427507
56 0.819956139514
57 0.82047413752
58 0.821398304681
59 0.821458332737
60 0.821516392661
61 0.820967741551
62 0.821230157973
63 0.821093749255
64 0.822307691207
65 0.822348483584
66 0.823507461085
67 0.82408088095
68 0.824456520703
69 0.824999999149
70 0.825528168342
71 0.824999999669
72 0.82568493118
73 0.826182432271
74 0.826166666349
75 0.826809210213
76 0.827272727118
77 0.828365384768
78 0.828481012507
79 0.82890625
80 0.829475308642
81 0.829725610047
82 0.830421686891
83 0.830803571712
84 0.830441176891
85 0.830813954043
86 0.831896552409
87 0.831250000406
88 0.832162922018
89 0.831944445107
90 0.832967033753
91 0.833288044385
92 0.833602151563
93 0.833909575609
94 0.834210527571
95 0.833854168033
96 0.834793815908
97 0.834821429788
98 0.834722223306
99 0.835125001073
100 0.835643565301
101 0.8360294127
102 0.836286408809
103 0.836538462685
104 0.837500001135
105 0.837971699125
106 0.838668225525
107 0.839120371474
108 0.838876147883
109 0.839431819049
110 0.839864865617
111 0.839732143496
112 0.840486726402
113 0.840679825398
114 0.840978261699
115 0.840840517961
116 0.841132479346
117 0.841419492233
118 0.841386555123
119 0.840833333631
120 0.841219008462
121 0.841393442916
122 0.841463415119
123 0.841532258737
124 0.842000000477
125 0.842261905235
126 0.842618110612
127 0.843066406436
128 0.843120155408
129 0.843557692491
130 0.844179389586
131 0.844412879059
132 0.844360902345
133 0.844402985342
134 0.84453703739
135 0.845036765232
136 0.845529197776
137 0.845561595067
138 0.845863310124
139 0.84589285808
140 0.846187944108
141 0.846126761235
142 0.846066434067
143 0.846267361608
144 0.846724138589
145 0.846660959394
146 0.846853741983
147 0.847128378781
148 0.847315436642
149 0.847583333651
150 0.8476821196
151 0.848026316025
152 0.848529412076
153 0.848944805659
154 0.849435484409
155 0.849599359509
156 0.849601911511
157 0.849762658907
158 0.849764151768
159 0.849765625969
160 0.850077640566
161 0.850308642711
162 0.850306749344
163 0.850685976627
164 0.850909091848
165 0.851204820067
166 0.851197605718
167 0.851190477255
168 0.851553255637
