0 0.474277079105
1 0.501428961754
2 0.493576337894
3 0.468456409872
4 0.462418031693
5 0.464759836594
6 0.45990687183
7 0.46694040671
8 0.469044774771
9 0.47529605329
10 0.464861428196
11 0.466473365823
12 0.46337011915
13 0.465927100607
14 0.460743679603
15 0.462148340419
16 0.458796657184
17 0.456942922539
18 0.453778397096
19 0.455845665932
20 0.455774643591
21 0.457477424632
22 0.456587667051
23 0.45682177941
24 0.45728390336
25 0.458987950132
26 0.458612712445
27 0.457791458283
28 0.456056401647
29 0.457489268978
30 0.458133885937
31 0.456794700585
32 0.456291564486
33 0.457225770635
34 0.455513151203
35 0.457309039931
36 0.456961858111
37 0.457492986008
38 0.455259673106
39 0.455923878402
40 0.453502824394
41 0.45321622278
42 0.452520310186
43 0.452759605917
44 0.452779309617
45 0.454097735493
46 0.452564112049
47 0.452303822463
48 0.452011697755
49 0.452522833347
50 0.452561220118
51 0.451981112361
52 0.451582274347
53 0.450642675161
54 0.451735224507
55 0.451434642076
56 0.450344666054
57 0.451334992359
58 0.450420535217
59 0.450955151518
60 0.450893213514
61 0.451452420604
62 0.450270917681
63 0.450149436947
64 0.449053246241
65 0.449477950732
66 0.448949147071
67 0.448744962759
68 0.448845691439
69 0.449416829007
70 0.44818474877
71 0.448375050806
72 0.447927461095
73 0.447716471311
74 0.448075341384
75 0.448173029642
76 0.447265496115
77 0.44737410851
78 0.447959790124
79 0.447924781963
80 0.447344540814
81 0.447932350199
82 0.447893099613
83 0.448101964025
84 0.448854836296
85 0.448558792472
86 0.447643805852
87 0.447694514624
88 0.446738184838
89 0.447169112828
90 0.446867106708
91 0.446414764161
92 0.446101001514
93 0.446577588611
94 0.446086823313
95 0.445918826697
96 0.445415749378
97 0.44625666251
98 0.446498412074
99 0.446219728291
100 0.445867737626
101 0.445514369829
102 0.445886328961
103 0.446141552467
104 0.445624926544
105 0.445704927984
106 0.445197890295
107 0.445296797487
108 0.445684784596
109 0.445499908653
110 0.444627540874
111 0.444511699889
112 0.44376011206
113 0.44353386446
114 0.443460125768
115 0.443524131744
116 0.443388277394
117 0.443450315777
118 0.443309838281
119 0.443256681661
120 0.443037894885
121 0.443524195278
122 0.443766995901
123 0.443605826987
124 0.443126203775
125 0.442954113559
126 0.443241396992
127 0.44329045061
128 0.442943039329
129 0.443180644741
130 0.442841086224
131 0.442738703254
132 0.442893110496
133 0.442720424328
134 0.442522539033
135 0.441809297923
136 0.441439330795
137 0.44153272177
138 0.441039542929
139 0.440900488836
140 0.44061599302
141 0.440650424067
142 0.440378489194
143 0.440610430721
144 0.440124970469
145 0.440799797234
146 0.440344916314
147 0.440088270887
148 0.440041929683
149 0.440157994032
150 0.440490413186
151 0.440204451351
152 0.440047360713
153 0.439901045971
154 0.439594890802
155 0.439685276112
156 0.439972975262
157 0.439691098619
158 0.439511550298
159 0.43938490916
160 0.438927703578
161 0.438725662084
162 0.438524383526
163 0.438329744085
164 0.438737676541
165 0.438494302961
166 0.43807925043
167 0.438143754112
168 0.438365658536
169 0.438543256241
170 0.438256428256
171 0.438124208603
172 0.438160863226
173 0.438049461992
174 0.438348661491
175 0.438024933873
176 0.437940132652
177 0.437621411145
178 0.43738908175
179 0.437190237476
180 0.437361383142
181 0.437229036139
182 0.437055823744
183 0.436816972397
184 0.436972151254
185 0.436694556507
186 0.436770620352
187 0.436473543498
188 0.436841511379
189 0.436291491828
190 0.436197761466
191 0.436087580243
192 0.436260430924
193 0.436306318364
194 0.43601746498
195 0.435772117455
196 0.435687420332
197 0.435705985987
198 0.435876601006
199 0.435807349682
200 0.436021050855
201 0.435809661404
202 0.435969592315
203 0.435970030287
204 0.436008185584
205 0.435765978491
206 0.43559109344
207 0.435326695585
208 0.435141065332
