0 0.800000011921
1 0.6875
2 0.762499988079
3 0.8125
4 0.824999988079
5 0.737500011921
6 0.787500023842
7 0.762499988079
8 0.8125
9 0.800000011921
10 0.850000023842
11 0.800000011921
12 0.800000011921
13 0.762499988079
14 0.824999988079
15 0.850000023842
16 0.862500011921
17 0.837499976158
18 0.862500011921
19 0.774999976158
20 0.824999988079
21 0.800000011921
22 0.800000011921
23 0.762499988079
24 0.787500023842
25 0.800000011921
26 0.787500023842
27 0.787500023842
28 0.824999988079
29 0.725000023842
30 0.712499976158
31 0.837499976158
32 0.862500011921
33 0.800000011921
34 0.824999988079
35 0.725000023842
36 0.850000023842
37 0.774999976158
38 0.887499988079
39 0.8125
40 0.899999976158
41 0.787500023842
42 0.8125
43 0.8125
44 0.862500011921
45 0.75
46 0.862500011921
47 0.8125
48 0.787500023842
49 0.800000011921
50 0.725000023842
51 0.787500023842
52 0.737500011921
53 0.824999988079
54 0.774999976158
55 0.8125
56 0.850000023842
57 0.824999988079
58 0.887499988079
59 0.762499988079
60 0.800000011921
61 0.787500023842
62 0.837499976158
63 0.8125
64 0.875
65 0.737500011921
66 0.862500011921
67 0.774999976158
68 0.850000023842
69 0.787500023842
70 0.862500011921
71 0.787500023842
72 0.837499976158
73 0.787500023842
74 0.737500011921
75 0.800000011921
76 0.787500023842
77 0.787500023842
78 0.75
79 0.824999988079
80 0.837499976158
81 0.800000011921
82 0.875
83 0.774999976158
84 0.787500023842
85 0.8125
86 0.837499976158
87 0.824999988079
88 0.887499988079
89 0.737500011921
90 0.850000023842
91 0.774999976158
92 0.837499976158
93 0.737500011921
94 0.8125
95 0.774999976158
96 0.875
97 0.762499988079
98 0.75
99 0.800000011921
100 0.787500023842
101 0.774999976158
102 0.75
103 0.800000011921
104 0.837499976158
105 0.837499976158
106 0.800000011921
107 0.75
108 0.787500023842
109 0.800000011921
110 0.875
111 0.8125
112 0.862500011921
113 0.699999988079
114 0.737500011921
115 0.824999988079
116 0.824999988079
117 0.787500023842
118 0.850000023842
119 0.824999988079
120 0.875
121 0.762499988079
122 0.75
123 0.725000023842
124 0.824999988079
125 0.774999976158
126 0.737500011921
127 0.8125
128 0.824999988079
129 0.800000011921
130 0.8125
131 0.787500023842
132 0.762499988079
133 0.787500023842
134 0.787500023842
135 0.824999988079
136 0.850000023842
137 0.774999976158
138 0.850000023842
139 0.800000011921
140 0.800000011921
141 0.762499988079
142 0.850000023842
143 0.787500023842
144 0.824999988079
145 0.75
146 0.837499976158
147 0.787500023842
148 0.837499976158
149 0.8125
150 0.737500011921
151 0.800000011921
152 0.774999976158
153 0.875
154 0.8125
155 0.800000011921
156 0.787500023842
157 0.824999988079
158 0.774999976158
159 0.800000011921
160 0.824999988079
161 0.8125
162 0.850000023842
163 0.787500023842
164 0.762499988079
165 0.800000011921
166 0.850000023842
167 0.850000023842
168 0.762499988079
169 0.774999976158
170 0.837499976158
171 0.800000011921
172 0.75
173 0.762499988079
174 0.774999976158
175 0.762499988079
176 0.824999988079
177 0.824999988079
178 0.800000011921
179 0.824999988079
180 0.8125
181 0.787500023842
182 0.787500023842
183 0.787500023842
184 0.837499976158
185 0.737500011921
186 0.850000023842
187 0.8125
188 0.774999976158
189 0.837499976158
190 0.8125
191 0.850000023842
192 0.800000011921
193 0.787500023842
194 0.824999988079
195 0.8125
196 0.774999976158
197 0.824999988079
198 0.774999976158
199 0.800000011921
200 0.862500011921
201 0.862500011921
202 0.725000023842
203 0.800000011921
204 0.824999988079
205 0.800000011921
206 0.862500011921
207 0.8125
208 0.75
209 0.800000011921
210 0.837499976158
211 0.800000011921
212 0.824999988079
213 0.837499976158
214 0.837499976158
215 0.800000011921
216 0.75
217 0.800000011921
218 0.787500023842
219 0.8125
220 0.8125
221 0.774999976158
222 0.837499976158
223 0.800000011921
224 0.875
225 0.850000023842
226 0.774999976158
227 0.800000011921
228 0.725000023842
229 0.899999976158
230 0.850000023842
231 0.887499988079
232 0.762499988079
233 0.850000023842
234 0.762499988079
235 0.824999988079
236 0.774999976158
237 0.875
238 0.787500023842
239 0.875
240 0.774999976158
