0 0.453491449356
1 0.470017999411
2 0.507537007332
3 0.419863551855
4 0.414115577936
5 0.485022157431
6 0.440188795328
7 0.473246186972
8 0.470865100622
9 0.456370174885
10 0.368760049343
11 0.429442644119
12 0.49382185936
13 0.515281796455
14 0.386092454195
15 0.469064891338
16 0.396028459072
17 0.452488332987
18 0.445892512798
19 0.522227883339
20 0.443044602871
21 0.518364489079
22 0.448642909527
23 0.458013355732
24 0.45795750618
25 0.480119884014
26 0.438812553883
27 0.473267793655
28 0.414935767651
29 0.44050988555
30 0.481433719397
31 0.424037158489
32 0.44317522645
33 0.480293691158
34 0.422473430634
35 0.470407664776
36 0.430866062641
37 0.497353166342
38 0.390362560749
39 0.445799440145
40 0.372223049402
41 0.459589958191
42 0.423699438572
43 0.436764627695
44 0.423884630203
45 0.512620329857
46 0.41481667757
47 0.406301409006
48 0.443497955799
49 0.456925779581
50 0.443024069071
51 0.405943572521
52 0.423516452312
53 0.413011461496
54 0.48358297348
55 0.429088413715
56 0.418268680573
57 0.475768476725
58 0.392010748386
59 0.481256097555
60 0.415431112051
61 0.469273388386
62 0.33699336648
63 0.424036413431
64 0.374460607767
65 0.465881437063
66 0.382530838251
67 0.455723434687
68 0.420368850231
69 0.524071931839
70 0.379680335522
71 0.457371175289
72 0.439330339432
73 0.457700073719
74 0.478464603424
75 0.44189158082
76 0.381600290537
77 0.486383616924
78 0.474420547485
79 0.427532911301
80 0.398210585117
81 0.472529709339
82 0.418850332499
83 0.473397731781
84 0.462358862162
85 0.440247625113
86 0.398312866688
87 0.435267060995
88 0.362769305706
89 0.476893246174
90 0.427581846714
91 0.410510450602
92 0.413984775543
93 0.460649967194
94 0.42172113061
95 0.472435086966
96 0.370765864849
97 0.514243483543
98 0.487355321646
99 0.426224768162
100 0.389116168022
101 0.428037703037
102 0.499027431011
103 0.517398834229
104 0.371442824602
105 0.462698042393
106 0.394426196814
107 0.473118692636
108 0.494191944599
109 0.446008503437
110 0.345783382654
111 0.419361114502
112 0.428570449352
113 0.465698629618
114 0.400817215443
115 0.420279085636
116 0.397264957428
117 0.492082417011
118 0.435314714909
119 0.45233219862
120 0.392920911312
121 0.46803933382
122 0.430757701397
123 0.418191373348
124 0.427472025156
125 0.470577418804
126 0.455187320709
127 0.400854289532
128 0.412141799927
129 0.418025076389
130 0.434900522232
131 0.442398250103
132 0.47757473588
133 0.430678546429
134 0.430740118027
135 0.362271308899
136 0.416686147451
137 0.458202362061
138 0.387638777494
139 0.443242490292
140 0.426917254925
141 0.424450397491
142 0.427591711283
143 0.457200616598
144 0.40218526125
145 0.523504793644
146 0.366507917643
147 0.397655248642
148 0.402769863605
149 0.440267890692
150 0.505408883095
151 0.401441007853
152 0.378958165646
153 0.422385782003
154 0.396800279617
155 0.484744727612
156 0.485566914082
157 0.40031260252
158 0.400218784809
159 0.419063746929
160 0.41479191184
161 0.407464921474
162 0.417289882898
163 0.403255462646
164 0.462196648121
165 0.372031122446
166 0.381861954927
167 0.466375172138
168 0.479256093502
169 0.519579768181
170 0.357485294342
171 0.395845413208
172 0.492187410593
173 0.432578474283
174 0.488760858774
175 0.420421034098
176 0.439189612865
177 0.380496114492
178 0.430725753307
179 0.440669596195
180 0.468132317066
181 0.408850818872
182 0.379761457443
183 0.416143029928
184 0.427813708782
185 0.395980894566
186 0.41811466217
187 0.392817080021
188 0.523867249489
189 0.368801862001
190 0.407372146845
191 0.423183530569
192 0.47437620163
193 0.443046092987
194 0.376920521259
195 0.386090457439
196 0.440741539001
197 0.412768900394
198 0.507687687874
199 0.427251338959
200 0.438734292984
201 0.345635801554
202 0.45811471343
203 0.433794021606
204 0.445680230856
205 0.363985270262
206 0.416279733181
207 0.374451309443
208 0.412293046713
209 0.367783755064
210 0.433742702007
211 0.402726590633
212 0.514282763004
213 0.398088485003
214 0.42441162467
215 0.437334686518
216 0.460460722446
217 0.430245786905
218 0.435197174549
219 0.407311528921
220 0.412980169058
221 0.443348318338
222 0.40220823884
223 0.374106794596
224 0.487870275974
225 0.409673988819
226 0.514182686806
227 0.430932849646
228 0.423242151737
229 0.360652267933
230 0.42095336318
231 0.343042731285
232 0.45814666152
233 0.397918850183
234 0.415922164917
235 0.380176126957
236 0.522562265396
237 0.388375222683
238 0.422526419163
239 0.389832943678
240 0.429269313812
