0 0.500604658471
920 0.478261204779
1840 0.51364395437
2760 0.500312175161
3680 0.504857680904
4600 0.478175425026
5520 0.513012023462
6440 0.517922503392
7360 0.439016848163
8280 0.398634829649
9200 0.429379390106
10120 0.398842472675
11040 0.459238606308
11960 0.447040632576
12880 0.454429521741
13800 0.44795910379
14720 0.443795422544
15640 0.515012752381
16560 0.43834836961
17480 0.446004487479
18400 0.477961864049
19320 0.47644062166
20240 0.48226453889
21160 0.522791856199
22080 0.436078891488
23000 0.474321402857
23920 0.451354082661
24840 0.48487123788
25760 0.474085788054
26680 0.466975545736
27600 0.474931326733
28520 0.436978054801
29440 0.433279408229
30360 0.452209519661
31280 0.458444514512
32200 0.52531817072
33120 0.497056341076
34040 0.442201681679
34960 0.463479376688
35880 0.437775304986
36800 0.494293560828
37720 0.456274348934
38640 0.469177455965
39560 0.478631946707
40480 0.460649850431
41400 0.412817912405
42320 0.479719177173
43240 0.416219836679
44160 0.491963243075
45080 0.433552629332
46000 0.455508800025
46920 0.49003332173
47840 0.428236830712
48760 0.466851556987
49680 0.389685731976
50600 0.438792495961
51520 0.437501389374
52440 0.441874653362
53360 0.389618831995
54280 0.412696745207
55200 0.457763600279
56120 0.448971713758
57040 0.436517323294
57960 0.469366138886
58880 0.476247802833
59800 0.437187979034
60720 0.405527420553
61640 0.424778240585
62560 0.445948669765
63480 0.478224440324
64400 0.427710576167
65320 0.415760883101
66240 0.503541058127
67160 0.421373257197
68080 0.482508190313
69000 0.465317516688
69920 0.419057215062
70840 0.474476460118
71760 0.436756686746
72680 0.449908899971
73600 0.494827137669
74520 0.458192781657
75440 0.426546377704
76360 0.430844095118
77280 0.442677934864
78200 0.449172851203
79120 0.474725431464
80040 0.48089193533
80960 0.43688837916
81880 0.420826670451
82800 0.477959534933
83720 0.474138456217
84640 0.425120138004
85560 0.41783018002
86480 0.447796156201
87400 0.478695083398
88320 0.423122255245
89240 0.430977641557
90160 0.440530428483
91080 0.444520585289
92000 0.464090451953
92920 0.445432002886
93840 0.452242029206
94760 0.46143848928
95680 0.453892894614
96600 0.45937710216
97520 0.430791668024
98440 0.41535465903
99360 0.46524266006
100280 0.417532869395
101200 0.485737924809
102120 0.449655622611
103040 0.470050121568
103960 0.514649753124
104880 0.450178674886
105800 0.445908143219
106720 0.413159395664
107640 0.448997195036
108560 0.486662993065
109480 0.425114726503
110400 0.427644664197
111320 0.487287380969
112240 0.495007010069
113160 0.46487362859
114080 0.42576363982
115000 0.475270448944
115920 0.392414807771
116840 0.44648712075
117760 0.451382511535
118680 0.455562599582
119600 0.475628899853
120520 0.45597523267
121440 0.442927629179
122360 0.397878146419
123280 0.425753531568
124200 0.479570823162
125120 0.454274642277
126040 0.466021792478
126960 0.390653617282
127880 0.422925423367
128800 0.430193265569
129720 0.381215234743
130640 0.517607206943
131560 0.392404568309
132480 0.444918044382
133400 0.456608727697
134320 0.447559284269
135240 0.45974156034
136160 0.417216053332
137080 0.414972007124
137706 0.420754616066
