0 0.500604658471
920 0
1840 0.51364395437
2760 0.500320790624
3680 0.504857680904
4600 0
5520 0.513012023462
6440 0.518495828485
7360 0.591446175135
8280 0.632848680642
9200 0.642208015104
10120 0.620769201241
11040 0.646844361416
11960 0.653329821206
12880 0.640297521289
13800 0.643624240118
14720 0.65099702276
15640 0.654023800672
16560 0.667296092846
17480 0.647865673243
18400 0.677799444117
19320 0.666643773417
20240 0.67878133263
21160 0.712458254403
22080 0.685453307725
23000 0.68663503721
23920 0.669359850774
24840 0.683227747999
25760 0.711082363455
26680 0.710313597956
27600 0.707247172274
28520 0.684014713771
29440 0.699891632144
30360 0.709865911674
31280 0.715952905829
32200 0.735507673335
33120 0.729902918846
34040 0.717601909068
34960 0.728710983278
35880 0.717486906177
36800 0.736887618767
37720 0.728776032938
38640 0.732481516234
39560 0.743068271747
40480 0.737767412655
41400 0.716988216274
42320 0.740901955671
43240 0.724262781544
44160 0.747418711219
45080 0.727933647124
46000 0.748315640656
46920 0.751770620949
47840 0.729250231691
48760 0.744584228619
49680 0.723004578777
50600 0.738832023801
51520 0.732673252286
52440 0.743389667962
53360 0.723877075353
54280 0.737107362646
55200 0.749606363568
56120 0.74932721945
57040 0.730874743905
57960 0.743805767799
58880 0.760499706061
59800 0.736762354119
60720 0.737659563448
61640 0.742071965536
62560 0.749773752586
63480 0.768823760883
64400 0.748244112495
65320 0.73848144624
66240 0.760655217227
67160 0.746476081601
68080 0.766771464855
69000 0.759778614121
69920 0.743279375292
70840 0.760235796002
71760 0.759355869842
72680 0.761568932005
73600 0.776207082166
74520 0.765138108479
75440 0.746421388563
76360 0.751601801344
77280 0.762994831607
78200 0.761454738241
79120 0.766476629796
80040 0.770324968666
80960 0.763219792626
81880 0.753045689719
82800 0.773227552786
83720 0.770678510339
84640 0.755051934326
85560 0.755736640049
86480 0.764447668016
87400 0.772650923438
88320 0.761569118806
89240 0.757918871282
90160 0.772989717165
91080 0.771177529122
92000 0.778389293668
92920 0.768572158327
93840 0.766912766241
94760 0.771824387558
95680 0.771174226895
96600 0.774507546844
97520 0.769245211991
98440 0.755810129577
99360 0.782908039474
100280 0.764164350753
101200 0.782474228221
102120 0.774922481074
103040 0.770205913778
103960 0.790126289223
104880 0.776984563151
105800 0.779617273476
106720 0.764436628307
107640 0.77451368527
108560 0.788495574211
109480 0.776721719822
110400 0.770454701802
111320 0.791262811468
112240 0.785960558252
113160 0.785110030983
114080 0.774756361089
115000 0.786297745287
115920 0.768978240386
116840 0.773966257187
117760 0.780156445928
118680 0.791969771342
119600 0.788609289968
120520 0.787436674599
121440 0.774587972987
122360 0.769806875331
123280 0.783879287537
124200 0.788911618673
125120 0.784723972868
126040 0.779840814298
126960 0.76741251102
127880 0.780415314369
128800 0.785467925535
129720 0.772355444256
130640 0.803099002739
131560 0.777464073704
132480 0.792410523739
133400 0.790698515093
134320 0.789495937811
135240 0.788611858909
136160 0.788011800087
137080 0.778224531662
137706 0.789454744194
