0 0
920 0.478261204779
1840 0
2760 0.499965106402
3680 0
4600 0.478175425026
5520 0
6440 0.4976896759
7360 0.352861141614
8280 0.28897842633
9200 0.289583268238
10120 0.27840708998
11040 0.282482730865
11960 0.267502161673
12880 0.27521415247
13800 0.275986196914
14720 0.255574121585
15640 0.290332104562
16560 0.242619771922
17480 0.255817621478
18400 0.256003426151
19320 0.275100231373
20240 0.253624807712
21160 0.256041788138
22080 0.238545751745
23000 0.264819869621
23920 0.26713518636
24840 0.272834968443
25760 0.248399244452
26680 0.242355805226
27600 0.255856280678
28520 0.267192454542
29440 0.240918790669
30360 0.247194816679
31280 0.241623081463
32200 0.271399350583
33120 0.260874449749
34040 0.237624750566
34960 0.239954951479
35880 0.234299879168
36800 0.252130398195
37720 0.239642575412
38640 0.234428438802
39560 0.240125134519
40480 0.23371364143
41400 0.222670279325
42320 0.240764720249
43240 0.2212899035
44160 0.245212679481
45080 0.217052590409
46000 0.216584089874
46920 0.240342984612
47840 0.212439737831
48760 0.235501938458
49680 0.20001475639
50600 0.217729022921
51520 0.231627087402
52440 0.215033918078
53360 0.201779853864
54280 0.198219293811
55200 0.222391415837
56120 0.224637865563
57040 0.215262290519
57960 0.234115990618
58880 0.218264197572
59800 0.220650299034
60720 0.19964853284
61640 0.202864351382
62560 0.212135973311
63480 0.210694464034
64400 0.203324991423
65320 0.207302757826
66240 0.222008235873
67160 0.201001544011
68080 0.216347740484
69000 0.214255790552
69920 0.20090029684
70840 0.213037067712
71760 0.203150381746
72680 0.198327910257
73600 0.213447193173
74520 0.20952508728
75440 0.19806422709
76360 0.200471721918
77280 0.192359029808
78200 0.199122408641
79120 0.211582127473
80040 0.206494384245
80960 0.197109013676
81880 0.188260806189
82800 0.209977836662
83720 0.212573013246
84640 0.188158813498
85560 0.19172363184
86480 0.194474946749
87400 0.207833980577
88320 0.190939337606
89240 0.191187155658
90160 0.194240471877
91080 0.184836784309
92000 0.195394739787
92920 0.194497661885
93840 0.193161422377
94760 0.201960437232
95680 0.192662883596
96600 0.195932679004
97520 0.184135358802
98440 0.184149824553
99360 0.190248749523
100280 0.177537172824
101200 0.201650667824
102120 0.191774726857
103040 0.197146488684
103960 0.209496587845
104880 0.188262987013
105800 0.183708112303
106720 0.177234716386
107640 0.186467034907
108560 0.201526423323
109480 0.175798259915
110400 0.187664686983
111320 0.193147622467
112240 0.198571160844
113160 0.193054233626
114080 0.175798601475
115000 0.194991098247
115920 0.169567045916
116840 0.184739502302
117760 0.189780266851
118680 0.175588552726
119600 0.188263273123
120520 0.185509116617
121440 0.183275949558
122360 0.167980453143
123280 0.170416820136
124200 0.195546921401
125120 0.184392124803
126040 0.185736650146
126960 0.170014687969
127880 0.171749211642
128800 0.174330322383
129720 0.160561581618
130640 0.195956714894
131560 0.164745624526
132480 0.172626077799
133400 0.180303044819
134320 0.176950181067
135240 0.182585510194
136160 0.168872334262
137080 0.164161285824
137706 0.168050033866
