49128 0.708513326966
49312 0.721036438879
49496 0.668632035159
49680 0.735699029946
49864 0.657435535518
50048 0.709479285337
50232 0.709713200334
50416 0.685596132664
50600 0.695552186888
50784 0.660715776907
50968 0.693479167911
51152 0.706195327263
51336 0.721082381649
51520 0.687823324229
51704 0.693983606933
51888 0.676468604141
52072 0.713127983572
52256 0.688773810077
52440 0.689335597296
52624 0.690625425244
52808 0.66882691938
52992 0.750623429
53176 0.734293354345
53360 0.728180471207
53544 0.634377325888
53728 0.69387873065
53912 0.664014896913
54096 0.686196554587
54280 0.720263908795
54464 0.663027551018
54648 0.722820064275
54832 0.697499342275
55016 0.648771333231
55200 0.679241466471
55384 0.643502138627
55568 0.699365502083
55752 0.738643832648
55936 0.733681041104
56120 0.683788872621
56304 0.675871092091
56488 0.674279169408
56672 0.682912570233
56856 0.683447652098
57040 0.702910230505
57224 0.744643748341
57408 0.728862852318
57592 0.667272753421
57776 0.684883405683
57960 0.650525523917
58144 0.653983728623
58328 0.664105350873
58512 0.724730993388
58696 0.739130169028
58880 0.665674628745
59064 0.672726839998
59248 0.706404880569
59432 0.680331735189
59616 0.682958873516
59800 0.695573535458
59984 0.673240330583
60168 0.67249958151
60352 0.728254798289
60536 0.677487795706
60720 0.722864048455
60904 0.7199256245
61088 0.697598826234
61272 0.704758232834
61456 0.669465122604
61640 0.709265689001
61824 0.698758736097
62008 0.717571699402
62192 0.712928521006
62376 0.660114367122
62560 0.68281276392
62744 0.671820124767
62928 0.716136187271
63112 0.645870315773
63296 0.676865724227
63480 0.664795552044
63664 0.656767258182
63848 0.731986131798
64032 0.690431536962
64216 0.689035219906
64400 0.709644067824
64584 0.671186422041
64768 0.692083112039
64952 0.705940634041
65136 0.701208313534
65320 0.715622564438
65504 0.680520228904
65688 0.680263373266
65872 0.685777381831
66056 0.693187015822
66240 0.646179997529
66424 0.711650642677
66608 0.720327992036
66792 0.683800700028
66976 0.702733206986
67160 0.705860054578
67344 0.657147550713
67528 0.690690492484
67712 0.637432498107
67896 0.70424666258
68080 0.662760409145
68264 0.70006688808
68448 0.725889032569
68632 0.692806260542
68816 0.73539915956
69000 0.679426947229
69184 0.692987976464
69368 0.706889758517
69552 0.71763994652
69736 0.703442902438
69920 0.716448869079
70104 0.715833353694
70288 0.731269784528
70472 0.691448588752
70656 0.712398128695
70840 0.671044993079
71024 0.711150382545
71208 0.702706400439
71392 0.705087043566
71576 0.702398447669
71760 0.69381442372
71944 0.695590383052
72128 0.719699779726
72312 0.740951209494
72496 0.688128065323
72680 0.696193314387
72864 0.692713842689
73048 0.692414941415
73232 0.67401287707
73416 0.679526410997
73600 0.654845769012
73784 0.684833691645
73968 0.70110467563
74152 0.732872318633
74336 0.729174371816
74520 0.683448105823
74704 0.685239052042
74888 0.651426254445
75072 0.667130947173
75256 0.730388526137
75440 0.716782606347
75624 0.68073632956
75808 0.675290140999
75992 0.737663900001
76176 0.686274428389
76360 0.697270718986
76544 0.692024942746
76728 0.725879851918
76912 0.673458835939
77096 0.709067492473
77280 0.70494997538
77464 0.680493612304
77648 0.682885514123
77832 0.696249508764
78016 0.694447726351
78200 0.697406847074
78384 0.737971383408
78568 0.677592211208
78752 0.692958295693
78936 0.727134498331
79120 0.670141505817
79304 0.745892733111
79488 0.729880054239
79672 0.723117320377
79856 0.699158589807
80040 0.669848155562
80224 0.688059990864
80408 0.711701025867
80592 0.678548151748
80776 0.719552179208
80960 0.69593651613
81144 0.687571482234
81328 0.718994863998
81512 0.703450710994
81696 0.704445982403
81880 0.724409037262
82064 0.705280866967
82248 0.71406781766
82432 0.673081237996
82616 0.703103573794
82800 0.669325622604
82984 0.716190837298
83168 0.688627180365
83352 0.746147083739
83536 0.712873089416
83720 0.671813179694
83904 0.701620695973
84088 0.667908769841
84272 0.663517142548
84456 0.73863769432
84640 0.723306928265
84824 0.697154815523
85008 0.706506276291
85192 0.677226841048
85376 0.678403936686
85560 0.708304623221
85744 0.718157495207
85928 0.698942019934
86112 0.709485888077
86296 0.733633986031
86480 0.703346647655
86664 0.702359548106
86848 0.728399615748
87032 0.71146997135
87216 0.640794767933
87400 0.671601198066
87584 0.757145021824
87768 0.660458572098
87952 0.706687076404
88136 0.738929919408
88320 0.714696676387
88504 0.756216857777
88688 0.71024923516
88872 0.677052123939
89056 0.703325150285
89240 0.714530947608
89424 0.652473721527
89608 0.658460526149
89792 0.676220705042
89976 0.718082708573
90160 0.692914092858
90344 0.692688054055
90528 0.658955981868
90712 0.73024719121
90896 0.697765284106
91080 0.706878577094
91264 0.661869318486
91448 0.677621285769
91632 0.705673131633
91780 0.70179668223
92000 0.681485536608
92920 0.701185431521
93840 0.698854606076
94760 0.68632620379
95680 0.695361294639
96600 0.688511567187
97520 0.71299228731
98440 0.726811683251
99360 0.683855166784
100280 0.726897274825
101200 0.664896304627
102120 0.698277752976
103040 0.684029442058
103960 0.642456822082
104880 0.701196641305
105800 0.703506752725
106720 0.729998563458
107640 0.700464258545
108560 0.665531906076
109480 0.720289588915
110400 0.715701450098
111320 0.665406955406
112240 0.659131930263
113160 0.687530222687
114080 0.722209275141
115000 0.674661718307
115920 0.748114621312
116840 0.697770061361
117760 0.694977984241
118680 0.697715705848
119600 0.678508694106
120520 0.693762760929
121440 0.703760401893
122360 0.743572662159
123280 0.726177652231
124200 0.673397389021
125120 0.695543393862
126040 0.683212328443
126960 0.746468590115
127880 0.721987758842
128800 0.719025122297
129720 0.754948307263
130640 0.642225898387
131560 0.751176595066
132480 0.707300080978
133400 0.69768807337
134320 0.698911619359
135240 0.69016835851
136160 0.728097179965
137080 0.729255048623
137706 0.727151120471
