49128 0.825942360807
49312 0.831598179617
49496 0.807340029692
49680 0.837313186946
49864 0.807616314606
50048 0.830657868114
50232 0.8262842553
50416 0.812846289253
50600 0.823558200576
50784 0.805735875851
50968 0.8171823344
51152 0.822304815998
51336 0.826808593911
51520 0.812746575547
51704 0.818065434363
51888 0.818572000598
52072 0.825215953608
52256 0.811665178539
52440 0.818371571483
52624 0.812287384289
52808 0.806195136704
52992 0.842155243007
53176 0.834610420615
53360 0.835590134599
53544 0.795162305726
53728 0.818558826515
53912 0.812969109411
54096 0.817821566393
54280 0.836841776521
54464 0.810707070128
54648 0.834631134446
54832 0.8230438163
55016 0.801285207077
55200 0.816012094223
55384 0.80266601886
55568 0.827473331863
55752 0.843124477148
55936 0.84389480696
56120 0.815367432045
56304 0.81775056382
56488 0.812923655588
56672 0.82094948732
56856 0.821906084868
57040 0.827788046458
57224 0.848434250538
57408 0.839631453093
57592 0.810958639065
57776 0.815766790407
57960 0.79810807068
58144 0.805230739597
58328 0.811523926209
58512 0.840425208744
58696 0.840620795299
58880 0.813708505709
59064 0.818250564744
59248 0.82814870058
59432 0.81931017978
59616 0.816200889751
59800 0.819032492838
59984 0.815015689445
60168 0.810137112099
60352 0.837940934599
60536 0.817048191492
60720 0.838249045306
60904 0.83520918505
61088 0.827901440645
61272 0.831495219407
61456 0.817474679213
61640 0.831997968975
61824 0.823298507684
62008 0.829767610851
62192 0.831426992126
62376 0.812927482381
62560 0.819456204477
62744 0.818239601476
62928 0.834132415576
63112 0.808547177343
63296 0.821706547831
63480 0.818290196957
63664 0.808630703836
63848 0.844898008444
64032 0.822522915801
64216 0.825453693632
64400 0.833595348055
64584 0.818743336063
64768 0.828853180137
64952 0.833806580674
65136 0.829638020696
65320 0.832542162853
65504 0.822811023238
65688 0.827353075611
65872 0.824513913692
66056 0.824932568862
66240 0.80946548004
66424 0.837004499749
66608 0.838682577462
66792 0.823768559007
66976 0.833617276953
67160 0.832125238762
67344 0.812007930285
67528 0.82498014038
67712 0.808443346067
67896 0.832409074165
68080 0.816589191344
68264 0.833565819292
68448 0.842347665322
68632 0.829591955834
68816 0.846457936828
69000 0.823275083465
69184 0.82889771686
69368 0.830960163441
69552 0.835853929219
69736 0.833774636406
69920 0.83908670294
70104 0.840110354325
70288 0.846112581238
70472 0.829287973557
70656 0.83758819283
70840 0.82190585047
71024 0.837610645828
71208 0.83225257943
71392 0.831091556232
71576 0.834040331783
71760 0.831879250492
71944 0.832803987158
72128 0.844103277572
72312 0.851371058975
72496 0.828780869805
72680 0.836061363019
72864 0.831769694506
73048 0.831316419836
73232 0.821487579729
73416 0.82376228804
73600 0.821930483407
73784 0.829328922392
73968 0.833223236018
74152 0.849460117905
74336 0.847730885876
74520 0.829529384853
74704 0.829535464857
74888 0.81689680403
75072 0.820882936154
75256 0.847049998615
75440 0.842274151439
75624 0.827964530422
75808 0.825514755835
75992 0.850638795935
76176 0.826517521661
76360 0.831007951649
76544 0.829692118577
76728 0.844800157101
76912 0.826761909859
77096 0.837030968036
77280 0.839921823731
77464 0.830492170042
77648 0.827873301423
77832 0.833917300962
78016 0.834836314789
78200 0.838392918205
78384 0.853554841909
78568 0.827028024036
78752 0.833599871737
78936 0.848161894692
79120 0.826540394229
79304 0.852950231834
79488 0.850143835495
79672 0.845903577567
79856 0.838968179091
80040 0.826651619258
80224 0.831867893802
80408 0.840744912349
80592 0.828084439642
80776 0.846503099683
80960 0.83738872038
81144 0.835113544641
81328 0.846274702408
81512 0.839267906332
81696 0.842510399136
81880 0.84746641797
82064 0.838855540693
82248 0.843175016866
82432 0.826662204171
82616 0.84213124655
82800 0.828149409803
82984 0.844922514687
83168 0.837725801549
83352 0.858820090472
83536 0.844726136556
83720 0.82817846979
83904 0.845880632801
84088 0.826561545282
84272 0.831781821059
84456 0.85190307699
84640 0.849738020326
84824 0.840280047891
85008 0.838582406635
85192 0.831227720526
85376 0.832108561516
85560 0.838255951531
85744 0.84465577464
85928 0.83876394204
86112 0.841751549718
86296 0.849409188941
86480 0.840104029891
86664 0.84121132835
86848 0.851321021912
87032 0.844905863215
87216 0.819641997615
87400 0.834268020579
87584 0.863906259859
87768 0.82970044596
87952 0.842444158549
88136 0.854842942649
88320 0.846139877876
88504 0.861514754611
88688 0.846122216118
88872 0.834642713426
89056 0.840472861213
89240 0.845504901081
89424 0.826967334121
89608 0.825343448467
89792 0.830960410606
89976 0.848245510447
90160 0.839094748862
90344 0.843098215904
90528 0.833600912456
90712 0.85343524058
90896 0.842898719858
91080 0.847157316854
91264 0.829201550743
91448 0.832280306778
91632 0.84518867485
91780 0.844462714075
92000 0.838138935746
92920 0.839245612179
93840 0.846927571461
94760 0.838483247863
95680 0.842207032183
96600 0.839462556048
97520 0.848027000975
98440 0.852631943356
99360 0.845816057055
100280 0.856664749444
101200 0.83378024881
102120 0.838937662665
103040 0.837251699517
103960 0.828851973842
104880 0.848136424948
105800 0.846176957088
106720 0.854172621048
107640 0.846315906233
108560 0.837926410601
109480 0.860458687983
110400 0.849154216012
111320 0.836538810061
112240 0.833052000459
113160 0.844369631112
114080 0.858236504442
115000 0.841476002583
115920 0.864602168506
116840 0.847561147901
117760 0.84974264232
118680 0.856062632105
119600 0.848040134196
120520 0.846058010237
121440 0.852007007248
122360 0.869493915156
123280 0.865777355065
124200 0.842576453536
125120 0.84572027003
126040 0.843544282442
126960 0.868332328675
127880 0.860475790741
128800 0.858411605651
129720 0.868961642333
130640 0.840011346641
131560 0.872357625183
132480 0.859440535034
133400 0.854005961922
134320 0.851313168683
135240 0.850739673738
136160 0.870077988755
137080 0.867655932595
137706 0.865248170924
