92000 0.722781284072
92000 1.0
92000 1.0
92000 1.0
92000 1.0
92000 1.0
92000 0.902024360494
92000 0.910131754767
92000 0.91659059135
92000 0.921902578291
92000 0.926376779656
92920 0.734033301075
92920 1.0
92920 1.0
92920 1.0
92920 1.0
92920 1.0
92920 1.0
92920 1.0
92920 1.0
92920 1.0
92920 1.0
93840 0.731357308166
93840 1.0
93840 1.0
93840 1.0
93840 1.0
93840 1.0
93840 1.0
93840 1.0
93840 0.928129935477
93840 0.93270703116
93840 0.93656224541
94760 0.733445196749
94760 1.0
94760 1.0
94760 1.0
94760 1.0
94760 1.0
94760 1.0
94760 1.0
94760 1.0
94760 0.936314295629
94760 0.882672848726
95680 0.729394937091
95680 1.0
95680 1.0
95680 1.0
95680 1.0
95680 1.0
95680 0.902024360494
95680 0.910131754767
95680 0.91659059135
95680 0.921902578291
95680 0.926376779656
96600 0.726381367673
96600 1.0
96600 1.0
96600 1.0
96600 1.0
96600 1.0
96600 1.0
96600 1.0
96600 1.0
96600 1.0
96600 1.0
97520 0.730515054776
97520 1.0
97520 1.0
97520 1.0
97520 1.0
97520 1.0
97520 1.0
97520 1.0
97520 1.0
97520 1.0
97520 1.0
98440 0.726805972439
98440 1.0
98440 1.0
98440 1.0
98440 1.0
98440 1.0
98440 1.0
98440 1.0
98440 1.0
98440 1.0
98440 1.0
99360 0.731439379829
99360 1.0
99360 1.0
99360 1.0
99360 1.0
99360 1.0
99360 1.0
99360 1.0
99360 1.0
99360 1.0
99360 1.0
100280 0.724626564278
100280 1.0
100280 1.0
100280 1.0
100280 1.0
100280 0.879078000096
100280 0.890925410367
100280 0.899951232579
100280 0.907141743949
100280 0.913055487392
100280 0.918036538604
101200 0.730624917202
101200 1.0
101200 1.0
101200 1.0
101200 1.0
101200 1.0
101200 0.902024360494
101200 0.910131754767
101200 0.91659059135
101200 0.921902578291
101200 0.926376779656
102120 0.734026654488
102120 1.0
102120 1.0
102120 1.0
102120 1.0
102120 1.0
102120 1.0
102120 1.0
102120 1.0
102120 1.0
102120 1.0
103040 0.732301363578
103040 1.0
103040 1.0
103040 1.0
103040 1.0
103040 1.0
103040 1.0
103040 1.0
103040 1.0
103040 1.0
103040 1.0
103960 0.736293032265
103960 1.0
103960 1.0
103960 1.0
103960 1.0
103960 1.0
103960 1.0
103960 1.0
103960 0.928129935477
103960 0.93270703116
103960 0.879272244442
104880 0.728387761527
104880 1.0
104880 1.0
104880 1.0
104880 1.0
104880 0.879078000096
104880 0.890925410367
104880 0.899951232579
104880 0.907141743949
104880 0.913055487392
104880 0.918036538604
105800 0.726414824552
105800 1.0
105800 1.0
105800 1.0
105800 1.0
105800 1.0
105800 1.0
105800 0.917250917542
105800 0.923198099438
105800 0.928089282572
105800 0.932209047643
106720 0.731923668305
106720 1.0
106720 1.0
106720 1.0
106720 1.0
106720 1.0
106720 1.0
106720 1.0
106720 1.0
106720 1.0
106720 1.0
107640 0.72682586095
107640 1.0
107640 1.0
107640 1.0
107640 1.0
107640 1.0
107640 1.0
107640 1.0
107640 1.0
107640 1.0
107640 1.0
108560 0.733778218318
108560 1.0
108560 1.0
108560 1.0
108560 1.0
108560 1.0
108560 1.0
108560 1.0
108560 1.0
108560 1.0
108560 1.0
109480 0.722764842643
109480 1.0
109480 1.0
109480 1.0
109480 0.84030302838
109480 0.859613905567
109480 0.873368322947
109480 0.883846978033
109480 0.892194903216
109480 0.89906054674
109480 0.904843368115
110400 0.72941740255
110400 1.0
110400 1.0
110400 1.0
110400 1.0
110400 1.0
110400 0.902024360494
110400 0.910131754767
110400 0.91659059135
110400 0.921902578291
110400 0.926376779656
111320 0.734793874332
111320 1.0
111320 1.0
111320 1.0
111320 1.0
111320 1.0
111320 1.0
111320 1.0
111320 1.0
111320 1.0
111320 1.0
112240 0.730285548377
112240 1.0
112240 1.0
112240 1.0
112240 1.0
112240 1.0
112240 1.0
112240 1.0
112240 1.0
112240 1.0
112240 1.0
113160 0.734253171653
113160 1.0
113160 1.0
113160 1.0
113160 1.0
113160 1.0
113160 1.0
113160 1.0
113160 1.0
113160 0.936314295629
113160 0.939962849694
114080 0.724739433488
114080 1.0
114080 1.0
114080 1.0
114080 1.0
114080 1.0
114080 1.0
114080 0.917250917542
114080 0.851328034915
114080 0.860796313732
114080 0.868771293053
115000 0.728327063293
115000 1.0
115000 1.0
115000 1.0
115000 1.0
115000 1.0
115000 1.0
115000 1.0
115000 1.0
115000 0.936314295629
115000 0.939962849694
115920 0.731169669389
115920 1.0
115920 1.0
115920 1.0
115920 1.0
115920 1.0
115920 1.0
115920 1.0
115920 1.0
115920 1.0
115920 1.0
116840 0.723777882207
116840 1.0
116840 1.0
116840 1.0
116840 1.0
116840 1.0
116840 1.0
116840 1.0
116840 1.0
116840 1.0
116840 1.0
117760 0.730070739668
117760 1.0
117760 1.0
117760 1.0
117760 1.0
117760 1.0
117760 1.0
117760 1.0
117760 1.0
117760 1.0
117760 1.0
118680 0.724272182077
118680 1.0
118680 1.0
118680 1.0
118680 1.0
118680 0.879078000096
118680 0.890925410367
118680 0.899951232579
118680 0.907141743949
118680 0.849369783021
118680 0.857999388297
119600 0.733434740871
119600 1.0
119600 1.0
119600 1.0
119600 1.0
119600 1.0
119600 0.902024360494
119600 0.910131754767
119600 0.91659059135
119600 0.921902578291
119600 0.926376779656
120520 0.736111514628
120520 1.0
120520 1.0
120520 1.0
120520 1.0
120520 1.0
120520 1.0
120520 1.0
120520 1.0
120520 1.0
120520 1.0
121440 0.725348114887
121440 1.0
121440 1.0
121440 1.0
121440 1.0
121440 1.0
121440 1.0
121440 1.0
121440 1.0
121440 1.0
121440 1.0
122360 0.729879117706
122360 1.0
122360 1.0
122360 1.0
122360 1.0
122360 1.0
122360 1.0
122360 1.0
122360 1.0
122360 0.936314295629
122360 0.939962849694
123280 0.724636042715
123280 1.0
123280 1.0
123280 1.0
123280 1.0
123280 1.0
123280 0.902024360494
123280 0.910131754767
123280 0.91659059135
123280 0.921902578291
123280 0.926376779656
124200 0.732417708562
124200 1.0
124200 1.0
124200 1.0
124200 1.0
124200 1.0
124200 1.0
124200 1.0
124200 1.0
124200 1.0
124200 1.0
125120 0.735953737789
125120 1.0
125120 1.0
125120 1.0
125120 1.0
125120 1.0
125120 1.0
125120 1.0
125120 1.0
125120 1.0
125120 1.0
126040 0.724588603796
126040 1.0
126040 1.0
126040 1.0
126040 1.0
126040 1.0
126040 1.0
126040 1.0
126040 1.0
126040 1.0
126040 1.0
126960 0.728701020825
126960 1.0
126960 1.0
126960 1.0
126960 1.0
126960 1.0
126960 1.0
126960 1.0
126960 1.0
126960 1.0
126960 1.0
127880 0.720452787463
127880 1.0
127880 1.0
127880 1.0
127880 1.0
127880 1.0
127880 1.0
127880 1.0
127880 0.928129935477
127880 0.93270703116
127880 0.93656224541
128800 0.727881105186
128800 1.0
128800 1.0
128800 1.0
128800 1.0
128800 1.0
128800 1.0
128800 1.0
128800 1.0
128800 0.936314295629
128800 0.939962849694
129720 0.727829212461
129720 1.0
129720 1.0
129720 1.0
129720 1.0
129720 1.0
129720 1.0
129720 1.0
129720 1.0
129720 1.0
129720 1.0
130640 0.729964832135
130640 1.0
130640 1.0
130640 1.0
130640 1.0
130640 1.0
130640 1.0
130640 1.0
130640 1.0
130640 1.0
130640 1.0
131560 0.72936066977
131560 1.0
131560 1.0
131560 1.0
131560 1.0
131560 1.0
131560 1.0
131560 1.0
131560 1.0
131560 1.0
131560 1.0
132480 0.72308277493
132480 1.0
132480 1.0
132480 1.0
132480 1.0
132480 0.879078000096
132480 0.890925410367
132480 0.899951232579
132480 0.835271679426
132480 0.845762518552
132480 0.854598784013
133400 0.729073342583
133400 1.0
133400 1.0
133400 1.0
133400 1.0
133400 1.0
133400 1.0
133400 1.0
133400 1.0
133400 1.0
133400 1.0
134320 0.733298955411
134320 1.0
134320 1.0
134320 1.0
134320 1.0
134320 1.0
134320 1.0
134320 1.0
134320 1.0
134320 1.0
134320 1.0
135240 0.724047945383
135240 1.0
135240 1.0
135240 1.0
135240 1.0
135240 1.0
135240 1.0
135240 1.0
135240 1.0
135240 1.0
135240 1.0
136160 0.727616545506
136160 1.0
136160 1.0
136160 1.0
136160 1.0
136160 1.0
136160 1.0
136160 1.0
136160 1.0
136160 1.0
136160 1.0
137080 0.722131787913
137080 1.0
137080 1.0
137080 1.0
137080 1.0
137080 1.0
137080 1.0
137080 1.0
137080 1.0
137080 1.0
137080 0.942709999032
137706 0.723267853167
137706 1.0
137706 1.0
137706 1.0
137706 1.0
137706 1.0
137706 0.902024360494
137706 0.910131754767
137706 0.91659059135
137706 0.921902578291
137706 0.926376779656
