0 32 19 31 18
1 34 18 30 18
2 30 18 34 18
3 31 18 33 18
4 37 14 34 15
5 38 14 32 16
6 33 14 38 15
7 38 13 33 16
8 39 12 34 15
9 35 13 38 14
10 34 17 32 17
11 39 11 34 16
12 40 13 32 15
13 33 13 39 15
14 37 14 32 17
15 39 13 34 14
16 33 14 38 15
17 33 18 34 15
18 36 15 31 18
19 37 14 33 16
20 33 14 38 15
21 36 15 32 17
22 39 13 34 14
23 34 14 37 15
24 35 15 35 15
25 40 11 33 16
26 39 13 33 15
27 34 12 38 16
28 38 13 33 16
29 42 9 34 15
30 38 12 35 15
31 35 13 37 15
32 39 12 33 16
33 39 13 33 15
34 33 15 37 15
35 32 18 34 16
36 40 10 34 16
37 38 13 34 15
38 33 15 37 15
39 42 9 36 13
40 42 10 34 14
41 36 11 38 13
42 32 16 32 18
43 42 8 33 15
44 43 9 32 14
45 37 10 38 14
46 42 9 33 15
47 44 7 35 12
48 38 8 39 12
49 40 10 31 17
50 40 9 33 16
51 41 10 31 14
52 36 9 37 16
53 42 8 31 17
54 45 6 34 12
55 37 8 38 14
56 38 12 34 14
57 40 10 30 18
58 39 10 29 18
59 35 11 33 19
60 38 12 29 19
61 43 8 31 15
62 36 10 32 19
63 40 9 36 13
64 43 7 31 17
65 43 7 30 16
66 36 9 33 20
67 39 11 30 18
68 44 6 32 15
69 40 8 35 14
70 38 9 37 14
71 43 7 35 13
72 43 7 37 9
73 39 8 38 13
74 40 9 34 15
75 43 6 32 16
76 41 8 30 18
77 36 11 31 20
78 41 9 30 18
79 43 7 29 17
80 39 8 37 14
81 39 9 35 15
82 44 6 33 15
83 43 7 32 14
84 37 9 34 18
85 40 10 30 18
86 43 7 28 19
87 37 9 34 17
88 40 10 30 18
89 43 6 32 17
90 44 7 26 19
91 36 9 34 19
92 42 8 31 17
93 45 6 35 11
94 37 8 39 13
95 40 10 34 14
96 44 6 31 17
97 41 8 26 21
98 37 9 30 22
99 41 9 30 18
100 46 5 33 13
101 39 7 39 12
102 42 7 34 15
103 44 6 34 14
104 44 6 32 14
105 37 8 32 21
106 38 12 29 19
107 42 8 31 16
108 40 8 32 17
109 41 6 36 15
110 45 5 32 16
111 44 6 31 15
112 39 8 34 17
113 37 12 30 19
114 40 9 31 17
115 42 7 31 17
116 39 8 36 15
117 45 5 33 15
118 44 6 33 13
119 41 6 35 16
120 37 11 29 21
