0 0.643913131536
1 0.618534789062
2 0.626512324079
3 0.627817766456
4 0.702460651596
5 0.688660442381
6 0.68593581537
7 0.693533124521
8 0.725648907324
9 0.700139152604
10 0.664133875928
11 0.735671805455
12 0.725352931065
13 0.70266281203
14 0.698644820089
15 0.720175340933
16 0.695199687054
17 0.669579395823
18 0.708263691127
19 0.700671998282
20 0.710493506111
21 0.695309048943
22 0.726363135032
23 0.715844457358
24 0.713575821067
25 0.747500502463
26 0.729101596951
27 0.738922567993
28 0.74505670738
29 0.772025143495
30 0.731641183882
31 0.725748822806
32 0.756338284086
33 0.721839438242
34 0.702953375515
35 0.697419382902
36 0.762853316409
37 0.734869714415
38 0.709065644944
39 0.761361287135
40 0.757355927436
41 0.751211294151
42 0.709784182099
43 0.799974608868
44 0.778341776275
45 0.768639931317
46 0.779340898006
47 0.824018989975
48 0.812183998849
49 0.752008378506
50 0.787955252948
51 0.782335099929
52 0.757291961047
53 0.789317868948
54 0.83174028642
55 0.803609974517
56 0.762181528211
57 0.791964797825
58 0.765059605089
59 0.757921968465
60 0.761438197792
61 0.81960535926
62 0.78609466164
63 0.793533683127
64 0.822265544385
65 0.819922689795
66 0.768543640773
67 0.768645233661
68 0.831082568318
69 0.804869887419
70 0.783560909014
71 0.847317517698
72 0.863287871927
73 0.827917521938
74 0.796334801888
75 0.843626550038
76 0.813721866556
77 0.744682283161
78 0.797463116795
79 0.834783976302
80 0.818617183794
81 0.806375231361
82 0.860722800642
83 0.852659236044
84 0.796601329809
85 0.793826917112
86 0.82528595306
87 0.805509240893
88 0.78620825842
89 0.851162799843
90 0.8308634361
91 0.788032931752
92 0.829719772786
93 0.87813674549
94 0.836650367743
95 0.822659865469
96 0.849094167799
97 0.820447790265
98 0.770247430662
99 0.790565070994
100 0.881490094259
101 0.852906542952
102 0.844891984776
103 0.869780874923
104 0.872341026217
105 0.807050065779
106 0.760639005043
107 0.832165256329
108 0.832447750494
109 0.839742762373
110 0.858261903301
111 0.872050930411
112 0.820300060939
113 0.772170744912
114 0.825916430894
115 0.845898892845
116 0.820143798802
117 0.858824917413
118 0.86517911125
119 0.831714100026
120 0.770354028597
