0 0.854256030172
1 0.815382657682
2 0.836586960157
3 0.838402813481
4 0.850994371079
5 0.840337058431
6 0.844962614955
7 0.833066394455
8 0.848735026824
9 0.849668751444
10 0.836653914522
11 0.851454404684
12 0.859500458837
13 0.848599500728
14 0.850704634512
15 0.852375467618
16 0.866498907407
17 0.865207735336
18 0.867496985528
19 0.856297003256
20 0.875750209346
21 0.856488282482
22 0.859991351763
23 0.88199854423
24 0.872620313508
25 0.862570154667
26 0.866242725116
27 0.877482373925
28 0.880471083679
29 0.865688436088
30 0.871038595313
31 0.872946296419
32 0.884429838413
33 0.865095370855
34 0.887831012408
35 0.905901642516
36 0.879808652401
37 0.885694337519
38 0.895565939672
39 0.864726378804
40 0.874559972967
41 0.884086021119
42 0.896929923445
43 0.889576288916
44 0.885559617087
45 0.889402856698
46 0.882375456038
47 0.904666255821
48 0.909409686139
49 0.858374789357
50 0.894173040986
51 0.893141260961
52 0.874032537142
53 0.882616698742
54 0.900134339597
55 0.910588589874
56 0.897803170116
57 0.908976911008
58 0.890463608962
59 0.907502232279
60 0.904648285163
61 0.913389153259
62 0.922815852695
63 0.897635173798
64 0.90759270413
65 0.907199151294
66 0.896186326941
67 0.901033889025
68 0.907676887783
69 0.912841773033
70 0.899618250759
71 0.927322617797
72 0.942846603172
73 0.931250954286
74 0.908037519455
75 0.923648005308
76 0.918709276653
77 0.902842875984
78 0.91029250331
79 0.925948507564
80 0.9295476889
81 0.921058610464
82 0.939294155348
83 0.941666399324
84 0.927084723034
85 0.921931406856
86 0.921924938989
87 0.939917712598
88 0.911186176538
89 0.933803599934
90 0.925912942399
91 0.924042014612
92 0.931586555072
93 0.951216039393
94 0.952369994408
95 0.943283101916
96 0.930173210122
97 0.933029388509
98 0.911221865061
99 0.91668941335
100 0.94671989783
101 0.953014170512
102 0.93386227744
103 0.947910732844
104 0.951005051082
105 0.932676917798
106 0.928495391419
107 0.93986063628
108 0.947797398269
109 0.925095008641
110 0.929253616598
111 0.95138156414
112 0.938997316055
113 0.941329037821
114 0.950644278526
115 0.944806611254
116 0.937416253946
117 0.932917156484
118 0.946492552757
119 0.926729449412
120 0.931702066112
