0 0.289651407517
1 0.246711037225
2 0.276387930615
3 0.265143518802
4 0.309907250106
5 0.276966770246
6 0.311086930634
7 0.285666643176
8 0.325619018947
9 0.297559463419
10 0.319093798739
11 0.325169862735
12 0.312591307152
13 0.332208140717
14 0.296772453402
15 0.323574960877
16 0.291422953364
17 0.31092744005
18 0.326103784563
19 0.289377342278
20 0.320959848485
21 0.30847888845
22 0.325478484836
23 0.312327389239
24 0.342472005372
25 0.329065403541
26 0.317678212457
27 0.346336451184
28 0.349230068969
29 0.33492977806
30 0.290216047685
31 0.329447932309
32 0.340040732524
33 0.292071640402
34 0.296222574349
35 0.326784254698
36 0.295031972439
37 0.293997739191
38 0.298764996541
39 0.278990859347
40 0.265098936204
41 0.316348551349
42 0.335492699407
43 0.329565788619
44 0.266078759062
45 0.321817107406
46 0.298512960525
47 0.317093318944
48 0.350361984223
49 0.3265427351
50 0.315876195
51 0.328029839694
52 0.290329656667
53 0.29949901253
54 0.318784887592
55 0.308833878487
56 0.332712995509
57 0.32391634509
58 0.275983989984
59 0.281984765421
60 0.307939587782
61 0.315517466515
62 0.293898373842
63 0.330860391259
64 0.298112991665
65 0.283795854875
66 0.257972896099
67 0.299267273735
68 0.269390892237
69 0.265010459349
70 0.293541021645
71 0.355857617089
72 0.374569951424
73 0.324167039245
74 0.299878279368
75 0.270139453933
76 0.275661389809
77 0.227065797557
78 0.283462578224
79 0.274773284261
80 0.277830971405
81 0.309413921916
82 0.28453286613
83 0.305900947324
84 0.260169602103
85 0.281408958137
86 0.231646468065
87 0.252941079438
88 0.286296585947
89 0.258903732523
90 0.233409396506
91 0.24399660031
92 0.294919165783
93 0.330042041217
94 0.301447094418
95 0.340166919678
96 0.254514524092
97 0.243467099266
98 0.190685867021
99 0.215998622485
100 0.281375901401
101 0.295164046543
102 0.311070228794
103 0.296828583504
104 0.295471510539
105 0.226025875192
106 0.229093781517
107 0.266764511587
108 0.255699511617
109 0.25650241288
110 0.219336483628
111 0.290292949726
112 0.241650942247
113 0.250599341777
114 0.271570441417
115 0.252452582387
116 0.248440579977
117 0.191994765773
118 0.268880540195
119 0.182442545891
120 0.22763790241
