0 0.420119294174
1 0.43468631544
2 0.410722113286
3 0.428802675111
4 0.404726759512
5 0.401223561106
6 0.375709297979
7 0.402938362135
8 0.383908552612
9 0.363854369077
10 0.411568670134
11 0.415613019448
12 0.370205512607
13 0.350059902502
14 0.408341046993
15 0.381318353699
16 0.334274747462
17 0.371657154998
18 0.423431455044
19 0.375278288004
20 0.346939980052
21 0.38987383465
22 0.380781728231
23 0.3369135041
24 0.342529303012
25 0.381024638457
26 0.37371682072
27 0.339281865189
28 0.347262520296
29 0.348050500409
30 0.340896782363
31 0.327644194217
32 0.358702145118
33 0.369640170208
34 0.367769122679
35 0.369823449282
36 0.357210291903
37 0.328880075275
38 0.330720248372
39 0.333357278742
40 0.329189389003
41 0.309069834878
42 0.379933460122
43 0.341544884645
44 0.309122489925
45 0.288604682974
46 0.309985984716
47 0.273288793012
48 0.264906740432
49 0.334955605273
50 0.375598595131
51 0.354809546988
52 0.314343471392
53 0.337525085328
54 0.281028614682
55 0.266912855076
56 0.305291840406
57 0.361850768189
58 0.355834125648
59 0.333188453644
60 0.344017371545
61 0.290665509118
62 0.303914605527
63 0.287944450042
64 0.311878758657
65 0.302461283139
66 0.340030433281
67 0.344267606649
68 0.305286988198
69 0.319562821225
70 0.312432472028
71 0.305328096032
72 0.2652953861
73 0.285393802203
74 0.321157963447
75 0.316362105359
76 0.333235325206
77 0.35376215523
78 0.352624625731
79 0.30610308745
80 0.271481937748
81 0.322754137745
82 0.296472789037
83 0.299225118025
84 0.30162441187
85 0.341747966322
86 0.33802940599
87 0.296211052834
88 0.332262137582
89 0.320708061697
90 0.348373466044
91 0.321711783493
92 0.337324015861
93 0.274288585127
94 0.26908738071
95 0.294826628774
96 0.33522396722
97 0.35717716615
98 0.37144219693
99 0.362937319863
100 0.2614744565
101 0.260745057104
102 0.282608468607
103 0.292924045923
104 0.280710350695
105 0.345334033818
106 0.373621862221
107 0.342789474236
108 0.319506720261
109 0.291757443148
110 0.321124373131
111 0.298323389443
112 0.329951992041
113 0.368833572246
114 0.36182084954
115 0.31621561693
116 0.301634909571
117 0.308350507899
118 0.295940925052
119 0.290355672538
120 0.380794416892
