0 0.18669535472
1 0.206835345241
2 0.198332505629
3 0.188885407353
4 0.205957067363
5 0.176943897735
6 0.183378421015
7 0.179007674483
8 0.183387016302
9 0.177541923856
10 0.176319570106
11 0.206336808528
12 0.157779730711
13 0.15802667118
14 0.168432961043
15 0.187148734872
16 0.145761914943
17 0.159826580216
18 0.190145004451
19 0.158900040569
20 0.152173517836
21 0.146328338044
22 0.18535451602
23 0.144377725904
24 0.135523505123
25 0.15679388403
26 0.164666337596
27 0.137942231652
28 0.110149048085
29 0.144389055738
30 0.136855831436
31 0.128087657063
32 0.131354225489
33 0.157487408568
34 0.164426712546
35 0.142881469733
36 0.137810037827
37 0.121941419188
38 0.130983979655
39 0.13362483591
40 0.128773531918
41 0.131400786451
42 0.12653612961
43 0.131561368817
44 0.103863099703
45 0.108465578137
46 0.0880184868654
47 0.107587337843
48 0.100642480619
49 0.0884776325453
50 0.145003852032
51 0.138255375798
52 0.106758025594
53 0.0807410181996
54 0.107085293623
55 0.0875953739956
56 0.102847702675
57 0.0900436717047
58 0.089873294069
59 0.0808895484714
60 0.05298512148
61 0.069221605006
62 0.0564141424493
63 0.104208857621
64 0.0615795242981
65 0.0732368684364
66 0.0763461271259
67 0.0613473354383
68 0.0867168175437
69 0.116065267811
70 0.115081502779
71 0.100683183438
72 0.129053519923
73 0.0991474557798
74 0.0978876328124
75 0.0842012689259
76 0.0635300585248
77 0.0760250488341
78 0.0667782259276
79 0.0632763841141
80 0.0822417810064
81 0.101840079157
82 0.0819844692953
83 0.0924445318724
84 0.0643338846087
85 0.055224962095
86 0.0539313551713
87 0.0607178974922
88 0.0605033481925
89 0.0685987505651
90 0.047397863365
91 0.0664551403842
92 0.0704161064316
93 0.109160391935
94 0.0919626350138
95 0.0852542021833
96 0.0641562352416
97 0.0292259338681
98 0.0457205363307
99 0.0674677250199
100 0.0661233212335
101 0.0973108492483
102 0.0638281242652
103 0.0714267904652
104 0.0695679981331
105 0.0471497697918
106 0.0472313163
107 0.0726836351308
108 0.0574517859228
109 0.0714086688368
110 0.0546763233879
111 0.0570960147861
112 0.0684592388049
113 0.0513145068721
114 0.07349754766
115 0.0468797548636
116 0.0832486824555
117 0.0605034441419
118 0.0820563739903
119 0.0608944102435
120 0.033602511451
