0 0.822127189901
1 0.814437932438
2 0.811902483304
3 0.868650999334
4 0.855271395048
5 0.849782887846
6 0.86294751962
7 0.864795405418
8 0.838424034913
9 0.869559577533
10 0.854390505482
11 0.860324967653
12 0.823380513986
13 0.84934630394
14 0.859932738192
15 0.852873142276
16 0.811840589841
17 0.851806457837
18 0.825202564398
19 0.82155842334
20 0.840348351002
21 0.848312416497
22 0.855390672173
23 0.811835090319
24 0.825542831421
25 0.843500569463
26 0.833627883593
27 0.817463494837
28 0.836309056729
29 0.80968310833
30 0.816992334525
31 0.819883652528
32 0.827607229352
33 0.836376245817
34 0.869347067674
35 0.852075155824
36 0.823435831815
37 0.797941029072
38 0.823403044542
39 0.886462505047
40 0.815913613353
41 0.828410130281
42 0.830417603254
43 0.803508619467
44 0.778286810432
45 0.777553681816
46 0.798314479987
47 0.756584703922
48 0.798765584826
49 0.784415437895
50 0.851200252771
51 0.834322354623
52 0.794384814799
53 0.805778384209
54 0.773868024349
55 0.753631732294
56 0.796941889184
57 0.814862595664
58 0.784326576524
59 0.771391815261
60 0.788224490065
61 0.748316244284
62 0.72075749071
63 0.796750705976
64 0.768306774252
65 0.732257060707
66 0.775109538436
67 0.815801391999
68 0.771570018927
69 0.82830670476
70 0.834002890757
71 0.8562951684
72 0.825400835938
73 0.829806199441
74 0.827237379551
75 0.780683778226
76 0.782744103008
77 0.784254670143
78 0.829035292069
79 0.720336875495
80 0.771616637707
81 0.838220274448
82 0.76834709247
83 0.771866457803
84 0.749839852254
85 0.819286306699
86 0.756700217724
87 0.767197363517
88 0.785193453232
89 0.795266765005
90 0.760234817078
91 0.778486829055
92 0.824038438937
93 0.799696472558
94 0.8004616178
95 0.803788236209
96 0.829523949062
97 0.763212025166
98 0.815608097748
99 0.855386644602
100 0.757365799867
101 0.791906232635
102 0.778510582447
103 0.830845952034
104 0.763321442263
105 0.799710055192
106 0.871796905994
107 0.866119537503
108 0.812786596663
109 0.820594501495
110 0.854020472616
111 0.796859963735
112 0.852937498513
113 0.870179464943
114 0.887586870614
115 0.80735748305
116 0.825761854649
117 0.853614048163
118 0.838878631592
119 0.792302183807
120 0.860249905359
