0 0.684741262029
0 1.0
0 0.5
0 0.619906233284
0 0.68060605676
0 0.719227811134
0 0.746736645893
0 0.767693956066
0 0.784389806432
0 0.798121093479
0 0.809686736229
1 0.576018405347
1 0.0
1 0.0
1 0.239812466568
1 0.36121211352
1 0.438455622268
1 0.493473291787
1 0.535387912132
1 0.568779612865
1 0.596242186959
1 0.619373472459
2 0.66691397905
2 0.0
2 0.5
2 0.619906233284
2 0.68060605676
2 0.719227811134
2 0.746736645893
2 0.767693956066
2 0.784389806432
2 0.798121093479
2 0.809686736229
3 0.68648664584
3 0.0
3 0.5
3 0.619906233284
3 0.68060605676
3 0.719227811134
3 0.746736645893
3 0.767693956066
3 0.784389806432
3 0.798121093479
3 0.809686736229
4 0.694760882818
4 0.0
4 0.5
4 0.619906233284
4 0.68060605676
4 0.719227811134
4 0.746736645893
4 0.767693956066
4 0.784389806432
4 0.798121093479
4 0.752396735262
5 0.602806053074
5 0.0
5 0.0
5 0.239812466568
5 0.36121211352
5 0.438455622268
5 0.493473291787
5 0.535387912132
5 0.568779612865
5 0.596242186959
5 0.619373472459
6 0.684043329354
6 0.0
6 0.5
6 0.619906233284
6 0.68060605676
6 0.719227811134
6 0.746736645893
6 0.767693956066
6 0.784389806432
6 0.734435389108
6 0.749649585923
7 0.688801218284
7 0.0
7 0.5
7 0.619906233284
7 0.68060605676
7 0.719227811134
7 0.746736645893
7 0.767693956066
7 0.784389806432
7 0.798121093479
7 0.809686736229
8 0.690635178968
8 0.0
8 0.5
8 0.619906233284
8 0.68060605676
8 0.719227811134
8 0.746736645893
8 0.767693956066
8 0.784389806432
8 0.734435389108
8 0.749649585923
9 0.59877212886
9 0.0
9 0.0
9 0.239812466568
9 0.36121211352
9 0.438455622268
9 0.493473291787
9 0.535387912132
9 0.568779612865
9 0.596242186959
9 0.562083471491
10 0.679946218786
10 0.0
10 0.5
10 0.619906233284
10 0.68060605676
10 0.719227811134
10 0.746736645893
10 0.767693956066
10 0.784389806432
10 0.734435389108
10 0.692359584956
11 0.725156833085
11 0.0
11 0.5
11 0.619906233284
11 0.68060605676
11 0.719227811134
11 0.746736645893
11 0.767693956066
11 0.71251974191
11 0.730828124639
11 0.746248981639
12 0.603221217928
12 0.0
12 0.0
12 0.239812466568
12 0.36121211352
12 0.438455622268
12 0.493473291787
12 0.535387912132
12 0.568779612865
12 0.596242186959
12 0.562083471491
13 0.686346867578
13 0.0
13 0.5
13 0.619906233284
13 0.68060605676
13 0.719227811134
13 0.746736645893
13 0.767693956066
13 0.784389806432
13 0.798121093479
13 0.752396735262
14 0.697782233793
14 0.0
14 0.5
14 0.619906233284
14 0.68060605676
14 0.719227811134
14 0.746736645893
14 0.767693956066
14 0.784389806432
14 0.798121093479
14 0.809686736229
15 0.679958658389
15 0.0
15 0.5
15 0.619906233284
15 0.68060605676
15 0.719227811134
15 0.746736645893
15 0.767693956066
15 0.784389806432
15 0.734435389108
15 0.749649585923
16 0.627994507795
16 1.0
16 0.5
16 0.380093766716
16 0.47909091486
16 0.542080283203
16 0.586945260298
16 0.621125161014
16 0.648354920137
16 0.670749684737
16 0.689612435617
17 0.667033452162
17 1.0
17 0.5
17 0.619906233284
17 0.68060605676
17 0.719227811134
17 0.746736645893
17 0.767693956066
17 0.784389806432
17 0.798121093479
17 0.809686736229
18 0.710156825381
18 1.0
18 0.5
18 0.619906233284
18 0.68060605676
18 0.719227811134
18 0.746736645893
18 0.767693956066
18 0.784389806432
18 0.798121093479
18 0.809686736229
19 0.697288161746
19 1.0
19 1.0
19 0.760187533432
19 0.63878788648
19 0.682466377636
19 0.713576937352
19 0.737278182981
19 0.756160016921
19 0.771689137997
19 0.727479066535
20 0.687071050616
20 1.0
20 0.5
20 0.619906233284
20 0.68060605676
20 0.719227811134
20 0.746736645893
20 0.767693956066
20 0.784389806432
20 0.798121093479
20 0.752396735262
