0 0.8125
1 0.8125
2 0.850000023842
3 0.774999976158
4 0.762499988079
5 0.850000023842
6 0.762499988079
7 0.800000011921
8 0.75
9 0.862500011921
10 0.762499988079
11 0.787500023842
12 0.725000023842
13 0.862500011921
14 0.8125
15 0.800000011921
16 0.787500023842
17 0.850000023842
18 0.824999988079
19 0.762499988079
20 0.774999976158
21 0.899999976158
22 0.837499976158
23 0.824999988079
24 0.800000011921
25 0.862500011921
26 0.824999988079
27 0.787500023842
28 0.850000023842
29 0.899999976158
30 0.875
31 0.862500011921
32 0.800000011921
33 0.850000023842
34 0.862500011921
35 0.850000023842
36 0.824999988079
37 0.912500023842
38 0.862500011921
39 0.875
40 0.850000023842
41 0.850000023842
42 0.887499988079
43 0.850000023842
44 0.875
45 0.887499988079
46 0.899999976158
47 0.899999976158
48 0.837499976158
49 0.912500023842
50 0.875
51 0.850000023842
52 0.875
53 0.875
54 0.9375
55 0.925000011921
56 0.899999976158
57 0.925000011921
58 0.899999976158
59 0.899999976158
60 0.912500023842
61 0.925000011921
62 0.912500023842
63 0.899999976158
64 0.912500023842
65 0.9375
66 0.9375
67 0.9375
68 0.9375
69 0.9375
70 0.925000011921
71 0.899999976158
72 0.9375
73 0.962499976158
74 0.9375
75 0.912500023842
76 0.925000011921
77 0.9375
78 0.9375
79 0.949999988079
80 0.9375
81 0.949999988079
82 0.9375
83 0.899999976158
84 0.925000011921
85 0.9375
86 0.975000023842
87 0.9375
88 0.949999988079
89 0.9375
90 0.925000011921
91 0.975000023842
92 0.9375
93 0.949999988079
94 0.9375
95 0.949999988079
96 0.899999976158
97 0.962499976158
98 0.987500011921
99 0.925000011921
100 0.962499976158
101 0.962499976158
102 0.975000023842
103 0.925000011921
104 0.962499976158
105 0.949999988079
106 0.987500011921
107 0.899999976158
108 0.9375
109 0.975000023842
110 0.9375
111 0.949999988079
112 0.9375
113 0.962499976158
114 0.975000023842
115 0.962499976158
116 0.962499976158
117 0.9375
118 0.987500011921
119 0.975000023842
120 0.949999988079
