0 0.500376105309
1 0.401352971792
2 0.389258593321
3 0.495280176401
4 0.475424110889
5 0.377822756767
6 0.406278550625
7 0.460154354572
8 0.512497067451
9 0.361553102732
10 0.394745796919
11 0.456730276346
12 0.519857108593
13 0.345340311527
14 0.373335063457
15 0.432702302933
16 0.455108731985
17 0.328988134861
18 0.375694453716
19 0.448382943869
20 0.45667514205
21 0.313652813435
22 0.364120155573
23 0.412864267826
24 0.445093691349
25 0.297820240259
26 0.332536518574
27 0.414698183537
28 0.378285974264
29 0.274095237255
30 0.30975612998
31 0.361539274454
32 0.393358886242
33 0.293230116367
34 0.323003977537
35 0.37667927146
36 0.350681841373
37 0.243098586798
38 0.245548725128
39 0.317557156086
40 0.332309544086
41 0.285952866077
42 0.282390922308
43 0.328036487103
44 0.297642856836
45 0.235804513097
46 0.214403510094
47 0.272669315338
48 0.34824860096
49 0.202457636595
50 0.244710490108
51 0.326818019152
52 0.28058809042
53 0.194136857986
54 0.204254105687
55 0.266937792301
56 0.31109380722
57 0.189095586538
58 0.243786767125
59 0.289438486099
60 0.212132006884
61 0.199688374996
62 0.217476323247
63 0.220003515482
64 0.219049170613
65 0.174991905689
66 0.21676710248
67 0.209012776613
68 0.221395462751
69 0.147679001093
70 0.174890846014
71 0.200607538223
72 0.212134167552
73 0.141607120633
74 0.164612084627
75 0.191259279847
76 0.216293498874
77 0.144161894917
78 0.169087648392
79 0.163698151708
80 0.222574859858
81 0.115043833852
82 0.149175792933
83 0.228631347418
84 0.203151792288
85 0.175294056535
86 0.115546323359
87 0.173394143581
88 0.166780605912
89 0.140464574099
90 0.130878165364
91 0.12486320734
92 0.182286292315
93 0.122524358332
94 0.127553984523
95 0.153819978237
96 0.163006514311
97 0.103298053145
98 0.090166606009
99 0.181282475591
100 0.10259796679
101 0.119413256645
102 0.0962909385562
103 0.132217526436
104 0.148555785418
105 0.118326567113
106 0.103087678552
107 0.201779603958
108 0.139467030764
109 0.108330965042
110 0.141590759158
111 0.135580867529
112 0.12962667644
113 0.0759380757809
114 0.108247801661
115 0.154853373766
116 0.111252471805
117 0.100324764848
118 0.081050850451
119 0.0900718197227
120 0.106692768633
