0 0.8125
1 0.8125
2 0.825000007947
3 0.8125
4 0.802499997616
5 0.810416668653
6 0.803571428571
7 0.80312500149
8 0.797222223547
9 0.803750002384
10 0.800000001084
11 0.798958336314
12 0.793269235354
13 0.798214290823
14 0.799166671435
15 0.799218755215
16 0.798529418076
17 0.801388896174
18 0.802631585222
19 0.800625005364
20 0.799404765878
21 0.803977275437
22 0.805434784164
23 0.806250000993
24 0.806000001431
25 0.808173078757
26 0.808796297621
27 0.808035716414
28 0.809482761498
29 0.812500001987
30 0.814516130955
31 0.816015627235
32 0.815530305559
33 0.816544120803
34 0.817857146263
35 0.818750003974
36 0.818918922463
37 0.821381583026
38 0.822435901715
39 0.823750004172
40 0.824390248555
41 0.825000005109
42 0.826453493085
43 0.826988641511
44 0.828055560589
45 0.829347830752
46 0.830851067888
47 0.832291670144
48 0.832397962103
49 0.834000003338
50 0.834803924841
51 0.835096157514
52 0.835849060203
53 0.836574077606
54 0.838409094377
55 0.839955360762
56 0.841008775067
57 0.84245689984
58 0.843432206219
59 0.844375002384
60 0.845491806015
61 0.846774196432
62 0.847817463534
63 0.848632815294
64 0.849615387733
65 0.850946972768
66 0.852238808995
67 0.853492650039
68 0.854710147865
69 0.855892860038
70 0.856866200205
71 0.857465280427
72 0.858561646448
73 0.859966218472
74 0.861000002225
75 0.861677634089
76 0.862500002632
77 0.86346154106
78 0.864398736742
79 0.865468752384
80 0.866358027046
81 0.867378050961
82 0.868222893721
83 0.868601192321
84 0.869264707846
85 0.870058141476
86 0.871264370008
87 0.872017047622
88 0.872893260436
89 0.873611113098
90 0.874175826272
91 0.875271741463
92 0.875940862522
93 0.87672872556
94 0.877368423186
95 0.878125001987
96 0.878350517184
97 0.879209185133
98 0.880303031868
99 0.880750001669
100 0.881559407357
101 0.882352942345
102 0.883252428573
103 0.883653847644
104 0.884404763154
105 0.88502358603
106 0.885981309637
107 0.886111112105
108 0.886582569792
109 0.887386364828
110 0.887837839019
111 0.888392858207
112 0.888827434683
113 0.889473685047
114 0.890217392341
115 0.890840518064
116 0.891452992064
117 0.891843220945
118 0.892647059525
119 0.893333334227
120 0.893801653681
