0 0.500376105309
1 0.45086453855
2 0.430329223474
3 0.446566961706
4 0.452338391542
5 0.43991911908
6 0.435113323586
7 0.43824345246
8 0.446493854125
9 0.437999778986
10 0.434067598798
11 0.43595615526
12 0.442410074748
13 0.435476520232
14 0.431333756447
15 0.431419290602
16 0.432812787154
17 0.427044750916
18 0.424342103695
19 0.425544145703
20 0.427026574101
21 0.421873221343
22 0.419362218484
23 0.41909147054
24 0.420131559372
25 0.415427277868
26 0.412357249746
27 0.412440854524
28 0.411263100032
29 0.40669083794
30 0.403563911876
31 0.402250641957
32 0.401981194814
33 0.398782633683
34 0.396617529222
35 0.396063688729
36 0.394837152314
37 0.390844032168
38 0.387118511475
39 0.38537947759
40 0.384085088968
41 0.381748607471
42 0.37943796363
43 0.378269748254
44 0.376478039556
45 0.373419919416
46 0.370036591558
47 0.368008106637
48 0.367604851419
49 0.364301907122
50 0.361956977377
51 0.36128122818
52 0.359758716147
53 0.356691644699
54 0.353920053081
55 0.352366798424
56 0.351642710859
57 0.348840174233
58 0.347059608011
59 0.346099255979
60 0.343903071568
61 0.341577028075
62 0.339607175617
63 0.337738368427
64 0.335912380769
65 0.333474191752
66 0.331732294898
67 0.329927596099
68 0.32835466663
69 0.325773585694
70 0.323648476685
71 0.321939574762
72 0.320435391101
73 0.318018792852
74 0.315973370075
75 0.314332395204
76 0.313059162784
77 0.310893813196
78 0.309098798452
79 0.307281290367
80 0.306235531966
81 0.303903925891
82 0.302039731518
83 0.301165822184
84 0.30001271595
85 0.29856249898
86 0.296458864777
87 0.295060402036
88 0.293619056013
89 0.291917339547
90 0.290147678292
91 0.288351107956
92 0.287210626067
93 0.285458644495
94 0.28379649018
95 0.28244256818
96 0.281211268656
97 0.279395827681
98 0.277484421402
99 0.276522401944
100 0.274800377833
101 0.273276974684
102 0.271558663654
103 0.270218845027
104 0.269060149221
105 0.267638134296
106 0.266100279569
107 0.265504717758
108 0.264348408703
109 0.262930068306
110 0.261836921377
111 0.260709635182
112 0.259549608998
113 0.257938981514
114 0.25663731908
115 0.255759871276
116 0.254524765297
117 0.253217985633
118 0.251771202984
119 0.250423708123
120 0.249235849119
