0 6 0 1 1
5 5 1 1 1
10 6 1 1 1
15 5 2 1 1
20 5 2 1 1
25 6 2 0 1
30 6 2 1 1
35 6 2 1 1
40 6 2 1 1
45 6 2 1 1
50 6 2 1 1
55 6 1 1 1
60 6 2 1 0
65 6 2 1 1
70 5 2 1 1
75 6 2 1 1
80 5 2 1 1
85 6 2 1 1
90 6 2 1 1
95 5 2 1 1
100 6 2 1 1
105 6 2 1 1
110 6 1 1 1
115 5 2 1 1
120 6 2 1 1
125 5 2 1 1
130 5 2 1 1
135 6 2 0 1
140 6 2 1 1
145 6 2 1 1
150 6 2 1 1
155 6 2 1 1
160 6 2 1 1
165 6 1 1 1
170 6 2 1 0
175 6 2 1 1
180 5 2 1 1
185 6 2 1 1
190 5 2 1 1
195 6 2 1 1
200 6 2 1 1
205 5 2 1 1
210 6 2 1 1
215 6 2 1 1
220 6 1 1 1
225 5 2 1 1
230 6 2 1 1
235 5 2 1 1
240 5 2 1 0
245 6 2 0 0
250 6 2 1 0
255 6 2 1 0
260 6 2 1 0
265 6 2 1 0
270 6 2 1 0
275 6 1 1 0
280 6 2 1 0
285 6 2 1 0
290 5 2 1 0
295 6 2 1 0
300 5 2 1 0
305 6 2 1 0
310 6 2 1 0
315 5 2 1 0
