0 0.789204438527
5 0.647437804689
10 0.69724117113
15 0.600127313818
20 0.621893659234
25 0.645547632128
30 0.649370695464
35 0.651701889001
40 0.65523476433
45 0.658504904248
50 0.658575745299
55 0.728225573897
60 0.6592546748
65 0.662033208646
70 0.630471694682
75 0.658405909315
80 0.641033005502
85 0.662366237491
90 0.664143792354
95 0.653893246182
100 0.664719864726
105 0.668018501252
110 0.749388845904
115 0.625336589558
120 0.67033342272
125 0.647206340517
130 0.661474353501
135 0.675204084255
140 0.673933628947
145 0.676591670141
150 0.679688036442
155 0.679020674899
160 0.677204189822
165 0.745800048113
170 0.683789638802
175 0.684188865125
180 0.649812728167
185 0.684709649533
190 0.669622593692
195 0.689032891765
200 0.686539284885
205 0.67621391373
210 0.692511767149
215 0.694613391533
220 0.772378167936
225 0.651433676481
230 0.695760212839
235 0.671882512314
240 0.681559694665
245 0.693073896691
250 0.695412322879
255 0.698482349515
260 0.697697995231
265 0.696797501296
270 0.699486102909
275 0.764161955033
280 0.703579526395
285 0.700787110254
290 0.672234999282
295 0.707333562896
300 0.689657124025
305 0.704425182194
310 0.707413190976
315 0.699099700366
