0 0.789204438527
5 0.756563162804
10 0.79781417052
15 0.800770509243
20 0.826932632923
25 0.8218331635
30 0.824694534143
35 0.825313746929
40 0.827417304118
45 0.830110182365
50 0.829923699299
55 0.827228774627
60 0.829200704892
65 0.832416653633
70 0.823266208172
75 0.83084316055
80 0.840638506413
85 0.835168341796
90 0.837654819091
95 0.857639575005
100 0.838693410158
105 0.842062274615
110 0.845217714707
115 0.816170477867
120 0.844152917465
125 0.844006538391
130 0.861272156239
135 0.847170551618
140 0.845775087674
145 0.847916622957
150 0.850234260162
155 0.850408573945
160 0.849580744902
165 0.851515412331
170 0.854951719443
175 0.855503102144
180 0.842036032677
185 0.854744523764
190 0.865118169785
195 0.857259084781
200 0.854809741179
205 0.871976363659
210 0.858249247074
215 0.859942436218
220 0.858232110739
225 0.833458268642
230 0.861702720324
235 0.861454319954
240 0.877213013172
245 0.861654669046
250 0.864775280158
255 0.868478288253
260 0.867666751146
265 0.866157998641
270 0.866787284613
275 0.869364837805
280 0.869194159905
285 0.86694636941
290 0.856574165821
295 0.871651470661
300 0.881108224392
305 0.869460572799
310 0.871175924937
315 0.887520122528
