0 0.0399554739706
5 0.0537811879069
10 0.0553800038993
15 0.0580671403557
20 0.0622559018433
25 0.0658676546067
30 0.0785571835004
35 0.0764752412215
40 0.0682381678373
45 0.0695326719433
50 0.0688729193062
55 0.0465804086998
60 0.0683538030833
65 0.0701998542994
70 0.0705023661256
75 0.0689145702869
80 0.0698726892471
85 0.085323383566
90 0.07282743752
95 0.0720220368356
100 0.0732734031975
105 0.075625488162
110 0.0652643153444
115 0.0762549541891
120 0.0763002863154
125 0.0779370684177
130 0.0791019937024
135 0.0776903325692
140 0.0914297639392
145 0.0938190806191
150 0.0798809569329
155 0.0796307008713
160 0.078899807483
165 0.043462068541
170 0.0826472554356
175 0.0824704544619
180 0.0806050384417
185 0.0818610973656
190 0.0835679488257
195 0.100956523558
200 0.0811287315562
205 0.0817447187379
210 0.0839719228446
215 0.0847983846441
220 0.0707533089444
225 0.0834106050432
230 0.0858053527772
235 0.0872277451679
240 0.085356850177
245 0.08497524634
250 0.105561891571
255 0.110090618255
260 0.0891663456336
265 0.0879720080644
270 0.0888629192486
275 0.0427979044616
280 0.0902225140482
285 0.088019021228
290 0.0891550170258
295 0.0918081542477
300 0.0913923475891
305 0.108666709391
310 0.090330094099
315 0.0933064891025
