0 0.88326186619
5 0.882441142743
10 0.870015633106
15 0.880447307094
20 0.87874596566
25 0.953870636225
30 0.877143821933
35 0.877715225924
40 0.867037381977
45 0.867471385002
50 0.875267651677
55 0.879928151315
60 0.881660278141
65 0.876201489568
70 0.880344637416
75 0.87046892941
80 0.882056936622
85 0.881983091208
90 0.875629787892
95 0.882698080756
100 0.87131870687
105 0.873435189575
110 0.882239200852
115 0.883070968091
120 0.872140049934
125 0.88359639455
130 0.883559458635
135 0.962531590462
140 0.885244288905
145 0.885241147469
150 0.874389921129
155 0.875333537161
160 0.880911464244
165 0.88611758839
170 0.885405366123
175 0.882368919998
180 0.886842458763
185 0.876022008806
190 0.886819679629
195 0.887097404084
200 0.882235912979
205 0.877302762121
210 0.863628000849
215 0.865713892712
220 0.877761935443
225 0.877969816327
230 0.877682328969
235 0.877374568582
240 0.878242637217
245 0.965185642242
250 0.87838947773
255 0.877739332616
260 0.865271665984
265 0.866749769284
270 0.871125736998
275 0.879016429931
280 0.876318150096
285 0.87499024719
290 0.880167813599
295 0.866525719563
300 0.879664809257
305 0.880570121109
310 0.872969715132
315 0.879965169728
