0 0.133287265897
5 0.130579546094
10 0.127247214317
15 0.122754044831
20 0.116548098624
25 0
30 0.109774291515
35 0.109904184937
40 0.108919404447
45 0.107491254807
50 0.10800203681
55 0.110434368253
60 0.109506502748
65 0.107685774565
70 0.10731408
75 0.109714478254
80 0.109260097146
85 0.107672043145
90 0.106248609722
95 0.107397973537
100 0.106418579817
105 0.104398094118
110 0.102337658405
115 0.10354936868
120 0.103942871094
125 0.102663174272
130 0.101451560855
135 0
140 0.104318864644
145 0.103130601346
150 0.101771280169
155 0.101997449994
160 0.103066690266
165 0.102022588253
170 0.0997161716223
175 0.0996493473649
180 0.102005504072
185 0.101380564272
190 0.100159198046
195 0.100266419351
200 0.10281150043
205 0.102817080915
210 0.101231135428
215 0.10021404922
220 0.101855270565
225 0.101691395044
230 0.0998627021909
235 0.0981765091419
240 0.100146606565
245 0
250 0.0988783240318
255 0.0961443036795
260 0.0971580594778
265 0.0989864990115
270 0.0989899560809
275 0.0972632244229
280 0.0976504087448
285 0.0998786315322
290 0.0992031246424
295 0.0966335833073
300 0.0963521078229
305 0.0988531857729
310 0.0977932363749
315 0.0953803211451
