0 0.87056863308
5 0.868633747101
10 0.867049098015
15 0.864890396595
20 0.860871553421
25 0.856819450855
30 0.855727851391
35 0.856366276741
40 0.856820166111
45 0.856910765171
50 0.858820855618
55 0.862282037735
60 0
65 0.864092648029
70 0.865855038166
75 0.870229899883
80 0.871908605099
85 0.872738242149
90 0.873171389103
95 0.87558311224
100 0.876823365688
105 0.877242982388
110 0.876868605614
115 0.879015982151
120 0.880706489086
125 0.881109118462
130 0.880677461624
135 0.882921695709
140 0.885546386242
145 0.885969758034
150 0.885686516762
155 0.887449860573
160 0.890082359314
165 0.890268921852
170 0
175 0.890696287155
180 0.893377244473
185 0.893580436707
190 0.893295526505
195 0.893423974514
200 0.895861983299
205 0.896212756634
210 0.895267665386
215 0.895158588886
220 0.89752805233
225 0.898736536503
230 0.899281561375
235 0.899321377277
240 0
245 0
250 0
255 0
260 0
265 0
270 0
275 0
280 0
285 0
290 0
295 0
300 0
305 0
310 0
315 0
