0 0.916222511796
0 1.0
0 1.0
0 1.0
0 1.0
0 1.0
0 1.0
0 1.0
0 1.0
0 1.0
0 1.0
5 0.921091663815
5 1.0
5 1.0
5 1.0
5 1.0
5 1.0
5 1.0
5 1.0
5 1.0
5 1.0
5 1.0
10 0.921916873306
10 1.0
10 1.0
10 1.0
10 1.0
10 1.0
10 1.0
10 1.0
10 1.0
10 1.0
10 1.0
15 0.91547589507
15 1.0
15 1.0
15 1.0
15 1.0
15 1.0
15 1.0
15 1.0
15 1.0
15 1.0
15 1.0
20 0.907294991325
20 1.0
20 1.0
20 1.0
20 1.0
20 1.0
20 1.0
20 1.0
20 1.0
20 1.0
20 1.0
25 0.898746970164
25 1.0
25 1.0
25 1.0
25 1.0
25 1.0
25 1.0
25 1.0
25 0.928129935477
25 0.93270703116
25 0.93656224541
30 0.908533917814
30 1.0
30 1.0
30 1.0
30 1.0
30 1.0
30 1.0
30 1.0
30 1.0
30 0.936314295629
30 0.939962849694
35 0.915009450841
35 1.0
35 1.0
35 1.0
35 1.0
35 1.0
35 1.0
35 1.0
35 1.0
35 1.0
35 1.0
40 0.893062128059
40 1.0
40 1.0
40 1.0
40 1.0
40 1.0
40 1.0
40 1.0
40 1.0
40 1.0
40 1.0
45 0.886300012525
45 1.0
45 1.0
45 1.0
45 0.84030302838
45 0.859613905567
45 0.873368322947
45 0.883846978033
45 0.892194903216
45 0.89906054674
45 0.847553367147
50 0.894687285958
50 1.0
50 1.0
50 1.0
50 1.0
50 1.0
50 1.0
50 1.0
50 1.0
50 1.0
50 1.0
55 0.910332560124
55 1.0
55 1.0
55 1.0
55 1.0
55 1.0
55 1.0
55 1.0
55 1.0
55 1.0
55 1.0
60 0.913460491384
60 1.0
60 1.0
60 1.0
60 1.0
60 1.0
60 1.0
60 1.0
60 1.0
60 1.0
60 1.0
65 0.903143159437
65 1.0
65 1.0
65 1.0
65 1.0
65 1.0
65 1.0
65 1.0
65 1.0
65 1.0
65 1.0
70 0.894744683349
70 1.0
70 1.0
70 1.0
70 1.0
70 1.0
70 1.0
70 0.917250917542
70 0.923198099438
70 0.928089282572
70 0.932209047643
75 0.895406533998
75 1.0
75 1.0
75 1.0
75 1.0
75 1.0
75 1.0
75 1.0
75 1.0
75 0.936314295629
75 0.882672848726
80 0.906407562579
80 1.0
80 1.0
80 1.0
80 1.0
80 1.0
80 1.0
80 1.0
80 1.0
80 1.0
80 1.0
85 0.905971533915
85 1.0
85 1.0
85 1.0
85 1.0
85 1.0
85 1.0
85 1.0
85 1.0
85 1.0
85 1.0
90 0.847706983046
90 0.0
90 0.5
90 0.619906233284
90 0.68060605676
90 0.719227811134
90 0.746736645893
90 0.767693956066
90 0.784389806432
90 0.734435389108
90 0.749649585923
95 0.889746497169
95 1.0
95 1.0
95 1.0
95 1.0
95 0.879078000096
95 0.890925410367
95 0.899951232579
95 0.907141743949
95 0.849369783021
95 0.857999388297
100 0.889267980086
100 1.0
100 1.0
100 1.0
100 0.84030302838
100 0.859613905567
100 0.873368322947
100 0.883846978033
100 0.892194903216
100 0.89906054674
100 0.904843368115
105 0.924556987965
105 1.0
105 1.0
105 1.0
105 1.0
105 1.0
105 1.0
105 1.0
105 1.0
105 1.0
105 1.0
