0 0.8125
1 0.824999988079
2 0.824999988079
3 0.887499988079
4 0.774999976158
5 0.800000011921
6 0.850000023842
7 0.850000023842
8 0.824999988079
9 0.887499988079
10 0.787500023842
11 0.837499976158
12 0.875
13 0.824999988079
14 0.887499988079
15 0.787500023842
16 0.887499988079
17 0.862500011921
18 0.850000023842
19 0.824999988079
20 0.887499988079
21 0.850000023842
22 0.8125
23 0.824999988079
24 0.8125
25 0.8125
26 0.862500011921
27 0.875
28 0.824999988079
29 0.837499976158
30 0.887499988079
31 0.774999976158
32 0.800000011921
33 0.899999976158
34 0.8125
35 0.9375
36 0.787500023842
37 0.899999976158
38 0.912500023842
39 0.912500023842
40 0.887499988079
41 0.875
42 0.8125
43 0.8125
44 0.850000023842
45 0.800000011921
46 0.8125
47 0.899999976158
48 0.824999988079
49 0.887499988079
50 0.824999988079
51 0.899999976158
52 0.850000023842
53 0.862500011921
54 0.887499988079
55 0.887499988079
56 0.837499976158
57 0.800000011921
58 0.962499976158
59 0.925000011921
60 0.875
61 0.862500011921
62 0.899999976158
63 0.875
64 0.850000023842
65 0.850000023842
66 0.837499976158
67 0.887499988079
68 0.887499988079
69 0.850000023842
70 0.9375
71 0.887499988079
72 0.899999976158
73 0.862500011921
74 0.875
75 0.925000011921
76 0.862500011921
77 0.862500011921
78 0.850000023842
79 0.912500023842
80 0.899999976158
81 0.8125
82 0.837499976158
83 0.875
84 0.875
85 0.875
86 0.887499988079
87 0.912500023842
88 0.925000011921
89 0.912500023842
90 0.875
91 0.912500023842
92 0.887499988079
93 0.925000011921
94 0.912500023842
95 0.824999988079
96 0.912500023842
97 0.887499988079
98 0.862500011921
99 0.875
100 0.912500023842
101 0.912500023842
102 0.875
103 0.862500011921
104 0.887499988079
105 0.899999976158
