0 0.875
1 0.831250011921
2 0.816666682561
3 0.831250011921
4 0.822500014305
5 0.820833345254
6 0.830357151372
7 0.825000010431
8 0.825000007947
9 0.830000007153
10 0.827272734859
11 0.830208341281
12 0.834615391034
13 0.831250007663
14 0.836666675409
15 0.835937507451
16 0.837500007714
17 0.834722230832
18 0.835526325201
19 0.834375008941
20 0.834523816903
21 0.835227280855
22 0.835869574029
23 0.835937507451
24 0.834000008106
25 0.83365385349
26 0.833796302478
27 0.833482148392
28 0.832327591962
29 0.832083338499
30 0.831854843324
31 0.830859379843
32 0.832575761911
33 0.833823533619
34 0.833571432318
35 0.834027782083
36 0.833445950134
37 0.835526320495
38 0.836538466123
39 0.837187504768
40 0.834756102504
41 0.834821432829
42 0.835465120715
43 0.83607955006
44 0.836388893922
45 0.835869570141
46 0.835106388051
47 0.835677088549
48 0.834948984944
49 0.835500005484
50 0.835294122789
51 0.83509615866
52 0.835849061327
53 0.83657407871
54 0.837272731824
55 0.837723218969
56 0.837719302428
57 0.837500003905
58 0.838559325469
59 0.839791670442
60 0.839344266008
61 0.839112906687
62 0.839484130579
63 0.839843753725
64 0.839807695609
65 0.840340912342
66 0.840298510309
67 0.839889708687
68 0.840579712736
69 0.839464288098
70 0.839964791083
71 0.839930557542
72 0.839897261907
73 0.839695947396
74 0.840500001113
75 0.840953948466
76 0.840584416668
77 0.840384616302
78 0.840348101869
79 0.841250000894
80 0.841512346709
81 0.841006098724
82 0.840361447219
83 0.841517858562
84 0.841470589357
85 0.84069767525
86 0.840804598797
87 0.840625000948
88 0.840168540397
89 0.840833334128
90 0.840109890634
91 0.840353261517
92 0.840188172556
93 0.840292553952
94 0.84065789549
95 0.840755209327
96 0.841108248406
97 0.841709184403
98 0.841161617125
99 0.841250001192
100 0.841831684113
101 0.842769608778
102 0.842475729081
103 0.84230769311
104 0.842500000908
105 0.842688680257
106 0.84228972074
107 0.842592593696
108 0.842775230561
109 0.842500001192
110 0.843018018985
111 0.842857143709
112 0.842367257692
113 0.842543860799
114 0.842391305384
115 0.842780173339
116 0.843055556473
117 0.843114407891
118 0.84317227021
119 0.843437501291
120 0.843285125149
121 0.843852460384
122 0.844207318333
123 0.843951614153
124 0.844300001144
125 0.844444445674
126 0.844783465693
127 0.844433594961
128 0.844670543837
129 0.844903847346
130 0.84408397074
131 0.844412879962
132 0.844078948623
133 0.843936568321
134 0.844259260319
135 0.844485295169
136 0.844890511819
137 0.84519927614
138 0.845413669837
139 0.845714286395
140 0.845744681697
141 0.84621478974
142 0.846153846987
143 0.846614584327
144 0.84655172496
145 0.846489726681
146 0.846428571915
147 0.846875000644
148 0.846979866492
149 0.846916667223
150 0.846937086803
151 0.846875000549
152 0.847058824075
153 0.846672078619
154 0.84653225868
155 0.846233975047
156 0.845859873447
157 0.84588607693
158 0.845833334158
159 0.845937500894
160 0.846118013311
161 0.846296297179
162 0.84624233202
163 0.846265244775
164 0.846060606928
165 0.846159639488
166 0.846257486029
167 0.846205357994
168 0.846079882433
169 0.84617647143
170 0.846198831385
171 0.846002907947
172 0.845664740987
173 0.846048851808
174 0.845857144083
175 0.845596592196
176 0.845550848603
177 0.845856742578
178 0.845949721736
179 0.845902778705
180 0.846063536834
181 0.846153847136
182 0.846174864495
183 0.846127718363
184 0.846148649744
185 0.846034947262
186 0.845922460849
187 0.846143617909
188 0.846031746852
189 0.845986842795
190 0.845942408939
191 0.84596354235
192 0.845919689675
193 0.84587628909
194 0.84615384646
195 0.845982143161
196 0.845685279611
197 0.845770202502
198 0.845603015555
199 0.845562500358
200 0.845335821311
201 0.845420792551
202 0.845628079229
203 0.845772059233
204 0.845731707608
205 0.846177184755
206 0.846195652577
207 0.846033654247
208 0.846172249203
209 0.846190476701
210 0.846386256376
211 0.846285377752
212 0.846420188185
213 0.846436916389
214 0.846395349225
215 0.846527778164
216 0.846428571758
217 0.846215596713
218 0.846289954773
219 0.846363636851
220 0.846266968757
221 0.846452703079
222 0.846580717863
223 0.846484375319
224 0.846500000424
225 0.846570796935
226 0.846696035715
227 0.8467653514
228 0.846561135944
229 0.846793478727
230 0.846645022109
231 0.846767241842
232 0.846888412478
233 0.846955128715
234 0.846968085715
235 0.846769068453
236 0.846677215793
237 0.846638655963
238 0.846495816398
239 0.84661458383
240 0.846576763881
241 0.846539256494
242 0.846759259455
243 0.846926229655
244 0.847142857192
245 0.846951219609
246 0.847115384664
247 0.847227822629
248 0.847389558233
249 0.847150000095
250 0.847161354772
251 0.847271825586
252 0.847332016046
253 0.847244094676
254 0.847352941363
255 0.847216797061
256 0.847276264823
257 0.847432170727
258 0.847297297481
259 0.847307692583
260 0.847413793377
261 0.847423664486
262 0.847385931831
263 0.847301136589
264 0.847358490836
265 0.847321428751
266 0.847191011415
267 0.847341418044
268 0.847444238051
269 0.847453703924
270 0.847463099939
271 0.847518382704
272 0.847573260466
273 0.847582117267
274 0.847772727663
275 0.8478713772
276 0.847653430076
277 0.847796763019
278 0.847759856973
279 0.847544643283
280 0.84741992925
281 0.847517730919
282 0.847393993354
283 0.84744718356
284 0.847587719717
285 0.847508741634
286 0.84751742206
287 0.847526042205
288 0.84770761291
289 0.847758621183
290 0.847895189454
291 0.847688356695
292 0.847909556924
293 0.847916667356
294 0.847966102422
295 0.847888514198
296 0.847895623658
297 0.847860738935
298 0.847867893734
299 0.847916667461
300 0.847882060514
301 0.847847682751
302 0.847937294359
303 0.847861842693
304 0.847868853123
305 0.847875817734
306 0.847842020204
307 0.848051948787
308 0.847977346973
309 0.84818548464
310 0.848231512059
311 0.848437500879
312 0.84840255671
313 0.848487261944
314 0.848492064362
315 0.848496836386
