0 0.389415591955
1 0.427697151899
2 0.421836296717
3 0.415023736656
4 0.417547041178
5 0.413141086698
6 0.406066038779
7 0.414345201105
8 0.411465413041
9 0.40643800199
10 0.408038673076
11 0.401794053614
12 0.395835218521
13 0.39985449825
14 0.397145444155
15 0.399400450289
16 0.394763697596
17 0.395809166961
18 0.393634405575
19 0.395820493996
20 0.393304684332
21 0.394706627185
22 0.395949749843
23 0.396885125587
24 0.397003879547
25 0.39807720597
26 0.396639073337
27 0.397317071046
28 0.397563306422
29 0.39978945752
30 0.397769402112
31 0.397051482461
32 0.39567810297
33 0.394182385767
34 0.393879335267
35 0.393482392033
36 0.394428742898
37 0.392799993879
38 0.392239555334
39 0.392458429933
40 0.39351762286
41 0.392952826051
42 0.393008873906
43 0.393732862716
44 0.393888581461
45 0.393815360639
46 0.393844312176
47 0.393101505935
48 0.39379053943
49 0.394416195154
50 0.395271851152
51 0.395090542734
52 0.395075722123
53 0.39419771455
54 0.393473566662
55 0.392108773014
56 0.391986852675
57 0.39235852556
58 0.390463841669
59 0.390020127098
60 0.391031617512
61 0.392064434867
62 0.391744887072
63 0.391680244356
64 0.392710617414
65 0.39220972901
66 0.391744510896
67 0.39232469131
68 0.391536982595
69 0.391507058058
70 0.391787410202
71 0.392069069048
72 0.391618812329
73 0.391221326348
74 0.390993963877
75 0.390393405368
76 0.389846771568
77 0.389911460571
78 0.390577786708
79 0.389424584061
80 0.388723716692
81 0.389031019516
82 0.389550321792
83 0.389137319156
84 0.388438599951
85 0.388965542926
86 0.388646052144
87 0.388556069271
88 0.388517986523
89 0.387844234705
90 0.388366174239
91 0.388927570828
92 0.388622913309
93 0.388071045597
94 0.388041311816
95 0.38784804754
96 0.387375368593
97 0.387043290905
98 0.386852012138
99 0.386845948398
100 0.386239679438
101 0.385358051342
102 0.385761211509
103 0.385845704434
104 0.385559455838
105 0.385302237463
106 0.385619989344
107 0.3854279554
108 0.385178991141
109 0.385296611894
110 0.384768323318
111 0.384893051216
112 0.385381482607
113 0.385160469172
114 0.384700790177
115 0.384443123793
116 0.384544459673
117 0.384314844921
118 0.38407659155
119 0.383853930483
120 0.38391550538
121 0.383357850499
122 0.38276210185
123 0.383037363329
124 0.382941082478
125 0.38276175516
126 0.382848078341
127 0.383222116157
128 0.382864538551
129 0.382868004762
130 0.383081164069
131 0.382642623602
132 0.383055538163
133 0.38351476793
134 0.38351942654
135 0.383143505191
136 0.382964288449
137 0.382663168553
138 0.382303386498
139 0.382085517475
140 0.381898278463
141 0.381855983969
142 0.381937553624
143 0.381476103018
144 0.381657818885
145 0.381615812035
146 0.381558108289
147 0.381571300932
148 0.38166436693
149 0.381848083138
150 0.381831891687
151 0.381698678983
152 0.381599016244
153 0.381791009725
154 0.38219294971
155 0.382132183283
156 0.382034141736
157 0.381812008687
158 0.381513698109
159 0.381309941411
160 0.380827848215
161 0.380886894501
162 0.380684216147
163 0.3804139464
164 0.380020385439
165 0.380110532943
166 0.379990887678
167 0.379778244843
168 0.379756385405
169 0.379794731386
170 0.37963542011
171 0.379884322022
172 0.37968042734
173 0.379699951616
174 0.379725304842
175 0.380129035562
176 0.380199113808
177 0.380012588889
178 0.379955309729
179 0.379721151789
180 0.379731340962
181 0.379674159727
182 0.379522511705
183 0.379304009611
184 0.378977659425
185 0.378813248648
186 0.378854407665
187 0.378858686128
188 0.378713927887
189 0.378906016758
190 0.378979047712
191 0.378758328501
192 0.378724091566
193 0.378508750772
194 0.378418198304
195 0.378565532821
196 0.378793059569
197 0.378600933787
198 0.378183164189
199 0.377963567376
200 0.377687459858
201 0.377521436256
202 0.377300456827
203 0.377295252009
204 0.377330703416
205 0.376970513064
206 0.376788788228
207 0.376854816595
208 0.376900405405
209 0.376797096218
210 0.376738005764
211 0.376686321115
212 0.376630730192
213 0.376547010424
214 0.376418151551
215 0.37643215281
216 0.376731148513
217 0.377031523837
218 0.376802959807
219 0.37657349069
220 0.376651807473
221 0.376299736333
222 0.37608308589
223 0.37609766437
224 0.375918053654
225 0.375742433345
226 0.375487765027
227 0.375446484931
228 0.375515183767
229 0.375258214059
230 0.375263367638
231 0.375461197619
232 0.375489782238
233 0.375508623628
234 0.375445561587
235 0.375395020565
236 0.375282599705
237 0.375502061443
238 0.375632170977
239 0.375400070101
240 0.37513892062
241 0.3750974249
242 0.374772029281
243 0.374647354127
244 0.37456196656
245 0.374472601627
246 0.37430197097
247 0.374100475662
248 0.373885921685
249 0.37405880487
250 0.373937148259
251 0.373931012338
252 0.374079160775
253 0.374020903129
254 0.373894411209
255 0.373862043023
256 0.373807014078
257 0.373875931829
258 0.374034297397
259 0.374192041617
260 0.374045361961
261 0.373861673793
262 0.373879753931
263 0.373560390463
264 0.373440742943
265 0.373359106537
266 0.373264032134
267 0.372972045483
268 0.372754313135
269 0.372817291706
270 0.373068369293
271 0.372915262137
272 0.372877387992
273 0.372872055665
274 0.372995406714
275 0.372938821173
276 0.372955377674
277 0.372758068412
278 0.372703651587
279 0.37272860791
280 0.372987774237
281 0.372850876856
282 0.372854197194
283 0.372732178006
284 0.372381015828
285 0.372361926349
286 0.372152771476
287 0.372218951376
288 0.371857087711
289 0.371825723812
290 0.371650515655
291 0.371773878291
292 0.371551347267
293 0.37161822019
294 0.371638140638
295 0.371568550935
296 0.371654019312
297 0.371702075005
298 0.37158727297
299 0.371703047256
300 0.371750454273
301 0.371917644775
302 0.371777943554
303 0.37174171876
304 0.371740145957
305 0.371495788491
306 0.371410591497
307 0.371137853276
308 0.371147378459
309 0.37090156684
310 0.370801747899
311 0.370851041988
312 0.370848370151
313 0.370630928665
314 0.370613919364
315 0.370700218349
