0 0.388143002987
1 0.451963841915
2 0.406046867371
3 0.399998724461
4 0.418931871653
5 0.398681104183
6 0.367978751659
7 0.45814281702
8 0.424689292908
9 0.346791595221
10 0.418063253164
11 0.383215069771
12 0.331645488739
13 0.445022761822
14 0.374127924442
15 0.390677124262
16 0.345244467258
17 0.426282018423
18 0.385631203651
19 0.429428875446
20 0.370026171207
21 0.389109075069
22 0.426426023245
23 0.415427058935
24 0.395604223013
25 0.405649960041
26 0.388484716415
27 0.411541163921
28 0.463248074055
29 0.48011136055
30 0.366110801697
31 0.398346871138
32 0.322967201471
33 0.333920717239
34 0.362997621298
35 0.386106431484
36 0.418141782284
37 0.313524127007
38 0.344124615192
39 0.40124464035
40 0.450188308954
41 0.366871207952
42 0.366744607687
43 0.399766623974
44 0.372699558735
45 0.397251456976
46 0.408849567175
47 0.354316711426
48 0.42365154624
49 0.403069555759
50 0.420675754547
51 0.363757699728
52 0.376764178276
53 0.339510440826
54 0.354377448559
55 0.361440479755
56 0.382021069527
57 0.409096866846
58 0.286588251591
59 0.33500534296
60 0.399654209614
61 0.406036674976
62 0.398741900921
63 0.39586737752
64 0.450148880482
65 0.361350625753
66 0.390019178391
67 0.413440614939
68 0.34206405282
69 0.433327019215
70 0.369934380054
71 0.403932005167
72 0.385335594416
73 0.38812199235
74 0.357823163271
75 0.322160810232
76 0.388964116573
77 0.398412764072
78 0.423953145742
79 0.314115762711
80 0.365756452084
81 0.413089454174
82 0.440994977951
83 0.338316202164
84 0.40053358674
85 0.480642795563
86 0.380379885435
87 0.373034387827
88 0.424918830395
89 0.323113888502
90 0.43415632844
91 0.423330873251
92 0.378948777914
93 0.344675958157
94 0.340794742107
95 0.373154640198
96 0.321071326733
97 0.319853901863
98 0.405407041311
99 0.375945150852
100 0.322993099689
101 0.306411594152
102 0.434583485126
103 0.398985147476
104 0.361996769905
105 0.355447173119
106 0.438113123178
107 0.345906704664
108 0.377824068069
109 0.396049171686
110 0.325598269701
111 0.428107559681
112 0.480298221111
113 0.364680707455
114 0.341389119625
115 0.340630382299
116 0.376533508301
117 0.33625176549
118 0.350859254599
119 0.358455836773
120 0.422906249762
121 0.315042078495
122 0.338104873896
123 0.416216850281
124 0.375917881727
125 0.406674683094
126 0.375420957804
127 0.395683377981
128 0.356350570917
129 0.344894319773
130 0.416895568371
131 0.309734404087
132 0.426426023245
133 0.492913424969
134 0.352815002203
135 0.317755132914
136 0.387828409672
137 0.34371766448
138 0.331198811531
139 0.337726056576
140 0.356651842594
141 0.317794859409
142 0.376738339663
143 0.300642341375
144 0.429409503937
145 0.388190925121
146 0.358946889639
147 0.384273052216
148 0.393317520618
149 0.361983954906
150 0.362769544125
151 0.373742640018
152 0.345102697611
153 0.447310358286
154 0.465370476246
155 0.380453139544
156 0.384210437536
157 0.40071862936
158 0.341143667698
159 0.352296352386
160 0.353521645069
161 0.360486745834
162 0.34951967001
163 0.353186428547
164 0.35166823864
165 0.383392006159
166 0.395311444998
167 0.377758353949
168 0.421095699072
169 0.3467643857
170 0.351445585489
171 0.409501850605
172 0.392658352852
173 0.337307393551
174 0.43461149931
175 0.444507211447
176 0.377972662449
177 0.331014931202
178 0.364734441042
179 0.343684196472
180 0.337883472443
181 0.375980377197
182 0.356120884418
183 0.367669850588
184 0.359066158533
185 0.38337007165
186 0.411113649607
187 0.328835606575
188 0.369366377592
189 0.415971934795
190 0.362054437399
191 0.366316050291
192 0.377795636654
193 0.346990287304
194 0.34067606926
195 0.439619153738
196 0.448158025742
197 0.376833111048
198 0.358142316341
199 0.415062993765
200 0.329905450344
201 0.340935766697
202 0.333474993706
203 0.35592675209
204 0.361999541521
205 0.304483860731
206 0.354055941105
207 0.412508666515
208 0.313275277615
209 0.352063655853
210 0.396999746561
211 0.371438920498
212 0.37119191885
213 0.387158215046
214 0.334275573492
215 0.345127075911
216 0.387115955353
217 0.431320339441
218 0.341342359781
219 0.332987904549
220 0.389736056328
221 0.278160274029
222 0.329240739346
223 0.383985072374
224 0.375181943178
225 0.347547858953
226 0.331193059683
227 0.354481220245
228 0.383924037218
229 0.359727829695
230 0.348563015461
231 0.421848684549
232 0.337183564901
233 0.358531147242
234 0.342277109623
235 0.38551852107
236 0.379608720541
237 0.41495257616
238 0.423326015472
239 0.321252286434
240 0.336977481842
241 0.402959734201
242 0.287680268288
243 0.321192592382
244 0.363545387983
245 0.408756434917
246 0.334547370672
247 0.348864853382
248 0.343972355127
249 0.406892597675
250 0.339116424322
251 0.383537232876
252 0.365844190121
253 0.409864723682
254 0.357677191496
255 0.376032441854
256 0.360039293766
257 0.346335709095
258 0.461191356182
259 0.383653342724
260 0.327489078045
261 0.320004701614
262 0.394915759563
263 0.325763016939
264 0.358347088099
265 0.340329796076
266 0.391636520624
267 0.298914253712
268 0.319695591927
269 0.379887998104
270 0.392569988966
271 0.321299463511
272 0.360188484192
273 0.409515440464
274 0.356372028589
275 0.358253180981
276 0.425290673971
277 0.346834361553
278 0.352418273687
279 0.399787098169
280 0.454956382513
281 0.306016623974
282 0.385620266199
283 0.324676096439
284 0.270257413387
285 0.350382745266
286 0.368826925755
287 0.390507787466
288 0.270051151514
289 0.3649751544
290 0.342199474573
291 0.419071286917
292 0.303495913744
293 0.377428203821
294 0.390677988529
295 0.391487628222
296 0.361483514309
297 0.3593069911
298 0.349544614553
299 0.385608136654
300 0.375971019268
301 0.377828747034
302 0.32730025053
303 0.347876995802
304 0.35320314765
305 0.296618521214
306 0.357120931149
307 0.330374330282
308 0.383129537106
309 0.294855505228
310 0.346218675375
311 0.337879180908
312 0.387383043766
313 0.310168415308
314 0.382644951344
315 0.408370018005
