0 31 19 9 39
1 30 19 8 40
2 22 29 5 41
3 24 28 5 40
4 27 23 9 38
5 25 22 6 42
6 26 26 5 40
7 29 21 10 38
8 30 19 10 38
9 30 20 8 39
10 31 21 7 39
11 29 20 12 37
12 29 18 7 41
13 31 22 6 37
14 29 22 9 37
15 30 18 11 38
16 33 18 8 38
17 33 17 9 39
18 35 15 13 35
19 31 15 10 41
20 34 19 9 35
21 31 21 11 34
22 30 19 11 37
23 31 19 7 38
24 30 19 9 38
25 35 16 13 34
26 32 15 10 40
27 33 18 9 37
28 33 20 10 35
29 31 19 11 36
30 31 17 8 39
31 26 24 7 39
32 29 21 12 35
33 30 18 10 38
34 33 19 9 34
35 33 20 9 36
36 33 17 13 35
37 31 15 9 40
38 28 23 7 37
39 29 21 12 33
40 30 19 9 37
41 32 19 9 34
42 32 20 8 36
43 34 16 14 31
44 32 15 10 40
45 31 21 10 35
46 32 18 14 31
47 32 17 11 35
48 29 21 7 37
49 30 22 7 37
50 29 20 13 32
51 30 17 8 39
52 32 21 8 34
53 32 19 13 32
54 31 17 11 35
55 32 19 8 35
56 29 21 9 36
57 28 22 12 32
58 27 19 9 37
59 31 22 8 33
60 31 21 12 31
61 32 17 12 33
62 32 18 8 34
63 31 18 9 36
64 33 18 13 30
65 31 16 11 35
66 31 20 8 34
67 30 23 11 31
68 28 22 12 32
69 30 18 9 35
70 29 21 11 33
71 31 19 16 28
72 30 18 11 35
73 32 20 9 31
74 30 23 10 32
75 30 20 13 31
76 29 17 9 37
77 31 20 12 31
78 32 18 16 28
79 32 17 12 33
80 32 19 10 31
81 30 22 13 30
82 33 17 16 28
83 30 17 11 34
84 28 24 11 31
85 30 20 16 28
86 29 20 13 32
87 31 19 10 32
88 31 21 12 31
89 29 20 17 28
90 30 17 11 34
91 30 23 11 30
92 29 22 13 31
93 30 18 14 31
94 32 19 10 31
95 33 17 12 33
96 34 16 16 28
97 29 17 11 35
98 33 20 11 30
99 34 18 14 29
100 30 19 15 30
101 31 19 10 32
102 29 20 12 33
103 34 17 18 25
104 31 16 13 33
105 33 18 12 30
106 35 18 15 27
107 35 15 21 23
108 29 19 12 32
109 24 26 10 34
110 27 23 15 29
111 29 19 13 33
112 32 20 12 28
113 35 18 16 26
114 34 16 20 24
115 33 13 16 30
116 26 25 13 30
117 25 24 16 25
118 27 20 13 32
119 34 17 15 26
120 38 14 23 20
