0 0.612809147015
1 0.554782136667
2 0.504472397158
3 0.489833073225
4 0.517379293963
5 0.527542329354
6 0.506921000564
7 0.5688375251
8 0.582706844016
9 0.574596721902
10 0.577218843767
11 0.554813551127
12 0.553159281037
13 0.521606624056
14 0.520815732798
15 0.544927734843
16 0.555154440505
17 0.581763950959
18 0.582849784084
19 0.575985623159
20 0.574945319637
21 0.550302448772
22 0.53453629462
23 0.549841526924
24 0.560292496707
25 0.59342416354
26 0.59590415072
27 0.596377664757
28 0.577081637668
29 0.567135783508
30 0.559454184811
31 0.521318930592
32 0.566226724349
33 0.567319330527
34 0.572662379503
35 0.579383127128
36 0.588758581951
37 0.611861831002
38 0.541380205703
39 0.57754304396
40 0.57371560965
41 0.58346079131
42 0.569787519823
43 0.60937315058
44 0.6314616644
45 0.583539583989
46 0.602371133622
47 0.585780660375
48 0.565015818803
49 0.580017953305
50 0.571601981411
51 0.609481936281
52 0.583635155393
53 0.603301146132
54 0.599514063312
55 0.600167585957
56 0.582642327761
57 0.577673967611
58 0.570852241772
59 0.592838858817
60 0.590017076438
61 0.593279418402
62 0.605720058829
63 0.60884264389
64 0.620134816414
65 0.631331233724
66 0.598516000006
67 0.575082614289
68 0.571269042818
69 0.615452832756
70 0.577024187669
71 0.636806775732
72 0.617556591344
73 0.613601612527
74 0.578650728351
75 0.58132043371
76 0.620813811061
77 0.577891489295
78 0.621996298414
79 0.624043611525
80 0.616424357806
81 0.593110418547
82 0.618106446527
83 0.646235792224
84 0.545210208596
85 0.594067709828
86 0.611304170699
87 0.637756911293
88 0.606047591947
89 0.601681398712
90 0.618383470229
91 0.582459143785
92 0.574284088255
93 0.595785055474
94 0.623210302965
95 0.637793551888
96 0.627187222131
97 0.60450667361
98 0.606788886223
99 0.62559453604
100 0.60687501586
101 0.624476475883
102 0.592104431156
103 0.628874068824
104 0.641465071143
105 0.635686986888
106 0.635202689764
107 0.654904523008
108 0.641645474
109 0.519107200233
110 0.565616712929
111 0.61850791766
112 0.648163484938
113 0.646548279842
114 0.654875917789
115 0.685737398084
116 0.552717875183
117 0.549568837242
118 0.596186123234
119 0.668138347183
120 0.694384408094
