0 0.813691023857
1 0.771530330181
2 0.824757172303
3 0.797386576732
4 0.771255347464
5 0.786150267124
6 0.79216247797
7 0.808752425786
8 0.804218250513
9 0.800563444694
10 0.812955669818
11 0.791561533665
12 0.768335959007
13 0.762329509181
14 0.772906289018
15 0.768349806468
16 0.760209573038
17 0.796602315975
18 0.768789538315
19 0.778432524973
20 0.791318002869
21 0.802552169369
22 0.769276140134
23 0.775812541285
24 0.806989037991
25 0.796253911086
26 0.801055023447
27 0.819333179431
28 0.816072879416
29 0.806099603253
30 0.779686264453
31 0.823732350881
32 0.817639992155
33 0.80950546662
34 0.807731028759
35 0.819978049307
36 0.811836276994
37 0.824604607398
38 0.835389186229
39 0.845183403328
40 0.826525984208
41 0.832636870444
42 0.818093784153
43 0.821402907372
44 0.844637716189
45 0.848336162106
46 0.833878785372
47 0.820919364691
48 0.846926212311
49 0.862845110893
50 0.845934189599
51 0.854015777508
52 0.855302669108
53 0.854378690943
54 0.845333730021
55 0.858846304938
56 0.871851166774
57 0.864021426865
58 0.850820353738
59 0.876819216436
60 0.866522227564
61 0.833094414324
62 0.859451331198
63 0.865901650921
64 0.859598992449
65 0.870641408428
66 0.877325657875
67 0.872835989793
68 0.872609830328
69 0.882471950849
70 0.871377659255
71 0.88600928745
72 0.887351435423
73 0.890894250944
74 0.882019037008
75 0.863011872768
76 0.889932928414
77 0.862698558838
78 0.87416787073
79 0.877991722897
80 0.893159978092
81 0.889528139432
82 0.861276207548
83 0.912039224307
84 0.880726256541
85 0.87382291158
86 0.901273406785
87 0.907686173916
88 0.886076913726
89 0.885709135697
90 0.882346131404
91 0.894906955957
92 0.877790553816
93 0.869972342253
94 0.899546252564
95 0.879651622339
96 0.853637632202
97 0.875744525729
98 0.879935282649
99 0.872651205343
100 0.882985570033
101 0.903256131757
102 0.882309360751
103 0.866326091921
104 0.892498483581
105 0.888371487459
106 0.872062240328
107 0.874868403162
108 0.932557268389
109 0.916621322433
110 0.897463933185
111 0.911829687398
112 0.915530377999
113 0.880632647446
114 0.888791007154
115 0.890419132782
116 0.919472637085
117 0.913834247589
118 0.91345332287
119 0.905211981605
120 0.876036766328
