0 0.285054505852
1 0.212548146907
2 0.261497740152
3 0.226215784504
4 0.219350883332
5 0.233669672796
6 0.221679523157
7 0.237526471771
8 0.232951991652
9 0.235646637715
10 0.229226386263
11 0.211528976448
12 0.206485744307
13 0.182406195016
14 0.188514545052
15 0.172557615468
16 0.17922003086
17 0.16472477181
18 0.148990357543
19 0.15759535941
20 0.187752097012
21 0.177933813605
22 0.163894433283
23 0.181151977177
24 0.170771642049
25 0.149734090781
26 0.15824895557
27 0.187625887855
28 0.182746088784
29 0.17724744603
30 0.15785451017
31 0.193704391946
32 0.219036973569
33 0.16367577037
34 0.164385251848
35 0.182401505532
36 0.155725409222
37 0.172193426453
38 0.18345622941
39 0.207944452452
40 0.174541334033
41 0.163795815928
42 0.172497496894
43 0.158809917397
44 0.176686087251
45 0.192649397245
46 0.190801974955
47 0.143166628721
48 0.175710989672
49 0.194344556594
50 0.173820279539
51 0.177951628233
52 0.169665610684
53 0.180433702238
54 0.151254671078
55 0.164498164515
56 0.183258692934
57 0.213231746742
58 0.173002819506
59 0.192684718535
60 0.181842805729
61 0.141862955492
62 0.154642241283
63 0.166129909559
64 0.181117160349
65 0.167667770234
66 0.166361030308
67 0.186708646239
68 0.187744404168
69 0.170420969267
70 0.170536060241
71 0.230213203982
72 0.167898517878
73 0.16993339106
74 0.182952934451
75 0.158783275122
76 0.16172825793
77 0.136440531502
78 0.173691280962
79 0.146023637177
80 0.150343313115
81 0.188904435522
82 0.146071028074
83 0.177170912078
84 0.153774819327
85 0.174434907199
86 0.190848778374
87 0.197346009118
88 0.192670974082
89 0.189841180085
90 0.152567009332
91 0.174918519212
92 0.17420738365
93 0.138806244177
94 0.157802387851
95 0.168304356308
96 0.14598010073
97 0.141806808232
98 0.15609733212
99 0.158931938466
100 0.170910982954
101 0.169625458406
102 0.171307283244
103 0.153970022631
104 0.155087834544
105 0.172432069175
106 0.174642452556
107 0.141655469313
108 0.197622208881
109 0.152171087433
110 0.176056932628
111 0.170806269112
112 0.22037645604
113 0.191384231723
114 0.157806352887
115 0.166160686927
116 0.171292922804
117 0.170125701465
118 0.167875403725
119 0.193991078338
120 0.201328007172
