0 0.748500420401
1 0.797333028167
2 0.849753880306
3 0.854975579845
4 0.807471658955
5 0.849135462195
6 0.838305975993
7 0.78670957312
8 0.77367649631
9 0.800762815044
10 0.817594289132
11 0.760382133479
12 0.830345528821
13 0.82815641442
14 0.793481958301
15 0.794474563732
16 0.815844246227
17 0.796999623378
18 0.747130088508
19 0.798140045182
20 0.801229186356
21 0.779206008381
22 0.783315657638
23 0.823689837588
24 0.806685448327
25 0.733983584224
26 0.782449428737
27 0.790694026843
28 0.773412989577
29 0.762664022281
30 0.821014397322
31 0.818572054739
32 0.760452202343
33 0.789001280131
34 0.80212935736
35 0.783370627628
36 0.733336905017
37 0.802477081819
38 0.798106580973
39 0.735667873422
40 0.781349611995
41 0.786691151386
42 0.777451722121
43 0.709787932701
44 0.793874542713
45 0.772553078168
46 0.719340564973
47 0.752826538909
48 0.792824799872
49 0.794035853479
50 0.705050313804
51 0.79245918799
52 0.775544070772
53 0.709789031413
54 0.731659332776
55 0.7758274353
56 0.783739326232
57 0.711723480374
58 0.777907577384
59 0.76536059743
60 0.718347310847
61 0.70452850312
62 0.771057167756
63 0.749447474877
64 0.659963196014
65 0.728259294375
66 0.756630058533
67 0.730241178757
68 0.719048943709
69 0.763231467371
70 0.742331964937
71 0.64967675651
72 0.722481088713
73 0.74194796537
74 0.729336698806
75 0.679351749745
76 0.768936284008
77 0.733747531638
78 0.645787361417
79 0.705406491914
80 0.731540154007
81 0.70698118721
82 0.650115927639
83 0.736529472801
84 0.751075683916
85 0.662114972545
86 0.685408486178
87 0.68204073395
88 0.706258430622
89 0.628533888898
90 0.743819731722
91 0.722142497214
92 0.675217514985
93 0.678151501467
94 0.704608867717
95 0.683938114821
96 0.609492681074
97 0.713455777959
98 0.702108194461
99 0.626616415568
100 0.62889448364
101 0.707529949024
102 0.702860094017
103 0.572884016237
104 0.663390523633
105 0.659519147189
106 0.610222976998
107 0.547846597514
108 0.683372472826
109 0.720749593858
110 0.623680443461
111 0.65171205795
112 0.641377219727
113 0.583563958015
114 0.530065348573
115 0.6373788257
116 0.687267498113
117 0.606968577645
118 0.685580820927
119 0.613707908354
120 0.515372698243
