0 0.297499491109
1 0.321173019707
2 0.365341213346
3 0.375176012516
4 0.366175668107
5 0.347170690695
6 0.312347978354
7 0.336610716581
8 0.284466673434
9 0.311390716583
10 0.315762149436
11 0.323562892775
12 0.345542183944
13 0.35212084651
14 0.358849548631
15 0.354151399298
16 0.347299400717
17 0.336631344424
18 0.328562530187
19 0.319317381084
20 0.345022747914
21 0.344856744463
22 0.328576278957
23 0.325365734952
24 0.341965281301
25 0.282723001563
26 0.283014456928
27 0.295792864429
28 0.290424372256
29 0.283600561998
30 0.314930159599
31 0.312868518489
32 0.301738829662
33 0.294697649777
34 0.322949601544
35 0.288468216856
36 0.247155842873
37 0.263752934006
38 0.248386621475
39 0.240553963929
40 0.228713278969
41 0.282724175188
42 0.23921292834
43 0.24491760454
44 0.256719839573
45 0.260776584595
46 0.268986219274
47 0.214252292433
48 0.20500822046
49 0.190737665764
50 0.191358998418
51 0.173026647419
52 0.205754283816
53 0.201254135141
54 0.168959214267
55 0.189315675292
56 0.248712456061
57 0.185252501319
58 0.189560558233
59 0.204542282969
60 0.208840096369
61 0.166371759648
62 0.181521224789
63 0.18778996004
64 0.143692919555
65 0.176817792891
66 0.174275419209
67 0.195905211297
68 0.198685231308
69 0.178447691517
70 0.244581415741
71 0.197993170703
72 0.164823092859
73 0.185988770798
74 0.188199943118
75 0.160950027979
76 0.164281440071
77 0.241505273152
78 0.16987094772
79 0.159273111417
80 0.183496989217
81 0.207219883513
82 0.178805236123
83 0.176498361609
84 0.233410516754
85 0.204796746722
86 0.142878655917
87 0.129574108124
88 0.185962028413
89 0.159979900126
90 0.182414979759
91 0.185644214804
92 0.130452840231
93 0.157139552225
94 0.138890975341
95 0.145951731674
96 0.118465929758
97 0.123201499693
98 0.15328524431
99 0.120976933345
100 0.124278281908
101 0.135900329426
102 0.167078647413
103 0.131973355957
104 0.128640972364
105 0.120103100528
106 0.138854794173
107 0.169266240538
108 0.137631320666
109 0.124837959977
110 0.103024540966
111 0.108901750296
112 0.115106389489
113 0.128892835543
114 0.10376413248
115 0.170201520246
116 0.154808981702
117 0.110230990598
118 0.126622847944
119 0.155974971111
120 0.170839142264
