0 0.852577557931
1 0.89256502986
2 0.908828595789
3 0.914950525761
4 0.911989130472
5 0.920844715266
6 0.904050725698
7 0.90515664063
8 0.902415923382
9 0.901146835242
10 0.907666724462
11 0.902053238572
12 0.913116831605
13 0.905351371379
14 0.899203355248
15 0.921936532384
16 0.914485266334
17 0.903238456983
18 0.902598038742
19 0.914926060816
20 0.918539413384
21 0.919730770237
22 0.918508445894
23 0.915486382811
24 0.916750751044
25 0.906524395241
26 0.90730817169
27 0.911075390674
28 0.911409737383
29 0.909044524034
30 0.92482654865
31 0.909339356117
32 0.917725358691
33 0.919081182856
34 0.928971057429
35 0.907096230321
36 0.913918442386
37 0.923690015078
38 0.902107654391
39 0.915709295056
40 0.915774665974
41 0.920094174497
42 0.897060342961
43 0.919729371225
44 0.928163218498
45 0.918774933474
46 0.922726398514
47 0.922092730658
48 0.904033341923
49 0.908173348453
50 0.913737410679
51 0.919522273235
52 0.909612255938
53 0.916381333023
54 0.90850794145
55 0.909887266159
56 0.917496043775
57 0.909150097519
58 0.921019014475
59 0.901316552451
60 0.915575909999
61 0.900221864382
62 0.909771507277
63 0.889861853586
64 0.883680315812
65 0.901569480555
66 0.893654679551
67 0.919844263984
68 0.91418533586
69 0.913604438305
70 0.90824881467
71 0.907781662686
72 0.897745030267
73 0.903355473472
74 0.898441934958
75 0.896746020163
76 0.91601448929
77 0.92429292202
78 0.917739597814
79 0.904000448458
80 0.908328271681
81 0.923544418812
82 0.919436322791
83 0.917716008775
84 0.934763323876
85 0.923439673015
86 0.905811229721
87 0.854686554521
88 0.907663489542
89 0.913013096367
90 0.925450680887
91 0.918858534098
92 0.903667217301
93 0.913447220479
94 0.887098510419
95 0.879569526875
96 0.890079396112
97 0.898964265415
98 0.903343276183
99 0.870718234572
100 0.881202584505
101 0.886164205149
102 0.897689710964
103 0.890339691639
104 0.874049437769
105 0.875285565853
106 0.872094189679
107 0.893506923447
108 0.888025404885
109 0.896017721471
110 0.892985220613
111 0.865546421571
112 0.866921861257
113 0.863361571844
114 0.885316361984
115 0.886540055275
116 0.917999521891
117 0.924880633354
118 0.912657497451
119 0.877784602917
120 0.911586287618
