0 0.916249617877
0 1.0
0 1.0
0 1.0
0 1.0
0 1.0
0 1.0
0 1.0
0 1.0
0 1.0
0 1.0
1 0.91575011033
1 1.0
1 1.0
1 1.0
1 1.0
1 1.0
1 1.0
1 1.0
1 1.0
1 1.0
1 1.0
2 0.931534129973
2 1.0
2 1.0
2 1.0
2 1.0
2 1.0
2 1.0
2 1.0
2 1.0
2 1.0
2 1.0
3 0.924099739638
3 1.0
3 1.0
3 1.0
3 1.0
3 1.0
3 1.0
3 1.0
3 1.0
3 1.0
3 1.0
4 0.90906006161
4 1.0
4 1.0
4 1.0
4 1.0
4 1.0
4 1.0
4 1.0
4 1.0
4 1.0
4 1.0
5 0.936902072782
5 1.0
5 1.0
5 1.0
5 1.0
5 1.0
5 1.0
5 1.0
5 1.0
5 1.0
5 1.0
6 0.918893571576
6 1.0
6 1.0
6 1.0
6 1.0
6 1.0
6 1.0
6 1.0
6 1.0
6 1.0
6 1.0
7 0.920102659194
7 1.0
7 1.0
7 1.0
7 1.0
7 1.0
7 1.0
7 1.0
7 1.0
7 1.0
7 1.0
8 0.91106869125
8 1.0
8 1.0
8 1.0
8 1.0
8 1.0
8 1.0
8 1.0
8 1.0
8 1.0
8 1.0
9 0.92367586333
9 1.0
9 1.0
9 1.0
9 1.0
9 1.0
9 1.0
9 1.0
9 1.0
9 1.0
9 1.0
10 0.928833709171
10 1.0
10 1.0
10 1.0
10 1.0
10 1.0
10 1.0
10 1.0
10 1.0
10 1.0
10 1.0
11 0.891352795354
11 1.0
11 1.0
11 1.0
11 1.0
11 1.0
11 1.0
11 1.0
11 1.0
11 1.0
11 1.0
12 0.929401187293
12 1.0
12 1.0
12 1.0
12 1.0
12 1.0
12 1.0
12 1.0
12 1.0
12 1.0
12 0.942709999032
13 0.905541832006
13 1.0
13 1.0
13 1.0
13 1.0
13 1.0
13 1.0
13 1.0
13 0.928129935477
13 0.93270703116
13 0.93656224541
14 0.895568875706
14 1.0
14 1.0
14 1.0
14 1.0
14 1.0
14 1.0
14 1.0
14 0.928129935477
14 0.93270703116
14 0.93656224541
15 0.89581037843
15 1.0
15 1.0
15 1.0
15 1.0
15 1.0
15 1.0
15 1.0
15 1.0
15 0.936314295629
15 0.882672848726
16 0.920568492362
16 1.0
16 1.0
16 1.0
16 1.0
16 1.0
16 1.0
16 1.0
16 1.0
16 1.0
16 1.0
17 0.916793864892
17 1.0
17 1.0
17 1.0
17 1.0
17 1.0
17 1.0
17 1.0
17 1.0
17 0.936314295629
17 0.939962849694
18 0.886764500896
18 1.0
18 1.0
18 1.0
18 1.0
18 1.0
18 1.0
18 1.0
18 1.0
18 1.0
18 0.942709999032
19 0.926967681846
19 1.0
19 1.0
19 1.0
19 1.0
19 1.0
19 1.0
19 1.0
19 1.0
19 1.0
19 1.0
20 0.913337267413
20 1.0
20 1.0
20 1.0
20 1.0
20 1.0
20 1.0
20 1.0
20 1.0
20 0.936314295629
20 0.939962849694
21 0.895574612655
21 1.0
21 1.0
21 1.0
21 1.0
21 1.0
21 1.0
21 1.0
21 0.928129935477
21 0.93270703116
21 0.93656224541
22 0.883407402709
22 1.0
22 1.0
22 1.0
22 1.0
22 1.0
22 1.0
22 1.0
22 0.928129935477
22 0.869021326789
22 0.876525095104
23 0.919254593414
23 1.0
23 1.0
23 1.0
23 1.0
23 1.0
23 1.0
23 1.0
23 1.0
23 1.0
23 0.942709999032
24 0.911823627524
24 1.0
24 1.0
24 1.0
24 1.0
24 1.0
24 1.0
24 1.0
24 0.928129935477
24 0.93270703116
24 0.93656224541
25 0.883974878692
25 1.0
25 1.0
25 1.0
25 1.0
25 1.0
25 1.0
25 1.0
25 1.0
25 1.0
25 0.942709999032
26 0.920215603817
26 1.0
26 1.0
26 1.0
26 1.0
26 1.0
26 1.0
26 1.0
26 1.0
26 1.0
26 1.0
27 0.916516356685
27 1.0
27 1.0
27 1.0
27 1.0
27 1.0
27 1.0
27 1.0
27 1.0
27 1.0
27 0.942709999032
28 0.90157815542
28 1.0
28 1.0
28 1.0
28 1.0
28 1.0
28 1.0
28 1.0
28 1.0
28 0.936314295629
28 0.939962849694
29 0.878051665348
29 1.0
29 1.0
29 1.0
29 1.0
29 1.0
29 1.0
29 1.0
29 0.928129935477
29 0.869021326789
29 0.876525095104
30 0.92065560539
30 1.0
30 1.0
30 1.0
30 1.0
30 1.0
30 1.0
30 1.0
30 1.0
30 1.0
30 0.942709999032
31 0.899950442733
31 1.0
31 1.0
31 1.0
31 1.0
31 1.0
31 1.0
31 1.0
31 0.928129935477
31 0.93270703116
31 0.93656224541
32 0.897602189891
32 1.0
32 1.0
32 1.0
32 1.0
32 1.0
32 1.0
32 1.0
32 1.0
32 1.0
32 0.942709999032
33 0.899307557127
33 1.0
33 1.0
33 1.0
33 1.0
33 1.0
33 1.0
33 1.0
33 1.0
33 1.0
33 0.942709999032
34 0.908348923247
34 1.0
34 1.0
34 1.0
34 1.0
34 1.0
34 1.0
34 1.0
34 1.0
34 0.936314295629
34 0.939962849694
35 0.905613471184
35 1.0
35 1.0
35 1.0
35 1.0
35 1.0
35 1.0
35 1.0
35 1.0
35 1.0
35 0.942709999032
36 0.881399645274
36 1.0
36 1.0
36 1.0
36 1.0
36 1.0
36 1.0
36 1.0
36 1.0
36 1.0
36 0.942709999032
37 0.925242064443
37 1.0
37 1.0
37 1.0
37 1.0
37 1.0
37 1.0
37 1.0
37 1.0
37 0.936314295629
37 0.939962849694
38 0.895286288339
38 1.0
38 1.0
38 1.0
38 1.0
38 1.0
38 1.0
38 1.0
38 0.928129935477
38 0.93270703116
38 0.93656224541
39 0.883236361138
39 1.0
39 1.0
39 1.0
39 1.0
39 1.0
39 1.0
39 0.917250917542
39 0.923198099438
39 0.928089282572
39 0.932209047643
40 0.863592866595
40 1.0
40 1.0
40 1.0
40 1.0
40 0.879078000096
40 0.792949770862
40 0.810082987345
40 0.823732335299
40 0.834958065683
40 0.84441331826
41 0.897416608021
41 1.0
41 1.0
41 1.0
41 1.0
41 1.0
41 1.0
41 0.917250917542
41 0.923198099438
41 0.928089282572
41 0.932209047643
42 0.890595903204
42 1.0
42 1.0
42 1.0
42 1.0
42 1.0
42 1.0
42 0.917250917542
42 0.923198099438
42 0.928089282572
42 0.932209047643
43 0.844399333861
43 1.0
43 1.0
43 1.0
43 1.0
43 0.879078000096
43 0.792949770862
43 0.810082987345
43 0.823732335299
43 0.834958065683
43 0.84441331826
44 0.925414378751
44 1.0
44 1.0
44 1.0
44 1.0
44 1.0
44 1.0
44 1.0
44 1.0
44 1.0
44 1.0
45 0.903234940581
45 1.0
45 1.0
45 1.0
45 1.0
45 1.0
45 1.0
45 1.0
45 1.0
45 1.0
45 1.0
46 0.872119326464
46 1.0
46 1.0
46 1.0
46 1.0
46 0.879078000096
46 0.890925410367
46 0.899951232579
46 0.907141743949
46 0.913055487392
46 0.918036538604
47 0.856238905336
47 1.0
47 1.0
47 1.0
47 1.0
47 0.879078000096
47 0.792949770862
47 0.810082987345
47 0.823732335299
47 0.834958065683
47 0.84441331826
48 0.894745661152
48 1.0
48 1.0
48 1.0
48 1.0
48 1.0
48 1.0
48 0.917250917542
48 0.923198099438
48 0.928089282572
48 0.932209047643
49 0.899228919537
49 1.0
49 1.0
49 1.0
49 1.0
49 1.0
49 1.0
49 0.917250917542
49 0.923198099438
49 0.928089282572
49 0.932209047643
50 0.823218319386
50 1.0
50 1.0
50 1.0
50 0.84030302838
50 0.738691905663
50 0.764293733314
50 0.783798210612
50 0.799336647165
50 0.812116034132
50 0.822879906718
51 0.912111972668
51 1.0
51 1.0
51 1.0
51 1.0
51 1.0
51 1.0
51 0.917250917542
51 0.923198099438
51 0.928089282572
51 0.932209047643
52 0.888347925941
52 1.0
52 1.0
52 1.0
52 1.0
52 1.0
52 0.902024360494
52 0.910131754767
52 0.91659059135
52 0.921902578291
52 0.926376779656
53 0.877378928676
53 1.0
53 1.0
53 1.0
53 1.0
53 1.0
53 0.902024360494
53 0.910131754767
53 0.91659059135
53 0.921902578291
53 0.926376779656
54 0.853040576719
54 1.0
54 1.0
54 1.0
54 1.0
54 0.879078000096
54 0.792949770862
54 0.810082987345
54 0.823732335299
54 0.834958065683
54 0.84441331826
55 0.895252007639
55 1.0
55 1.0
55 1.0
55 1.0
55 1.0
55 1.0
55 0.917250917542
55 0.923198099438
55 0.928089282572
55 0.932209047643
56 0.891310853787
56 1.0
56 1.0
56 1.0
56 1.0
56 1.0
56 0.902024360494
56 0.910131754767
56 0.91659059135
56 0.921902578291
56 0.926376779656
57 0.822065234592
57 1.0
57 1.0
57 1.0
57 0.84030302838
57 0.738691905663
57 0.764293733314
57 0.783798210612
57 0.799336647165
57 0.812116034132
57 0.822879906718
58 0.863783624149
58 1.0
58 1.0
58 0.760187533432
58 0.798484858099
58 0.822852472069
58 0.840208614405
58 0.853431204948
58 0.863965113705
58 0.872628591258
58 0.879925699388
59 0.865949190638
59 1.0
59 1.0
59 1.0
59 0.84030302838
59 0.859613905567
59 0.873368322947
59 0.883846978033
59 0.892194903216
59 0.89906054674
59 0.904843368115
60 0.856349622557
60 1.0
60 1.0
60 1.0
60 0.84030302838
60 0.859613905567
60 0.873368322947
60 0.883846978033
60 0.892194903216
60 0.89906054674
60 0.904843368115
61 0.79952505831
61 1.0
61 1.0
61 0.760187533432
61 0.63878788648
61 0.682466377636
61 0.713576937352
61 0.737278182981
61 0.756160016921
61 0.771689137997
61 0.784769067502
62 0.859304455938
62 1.0
62 1.0
62 0.760187533432
62 0.798484858099
62 0.822852472069
62 0.840208614405
62 0.853431204948
62 0.863965113705
62 0.872628591258
62 0.879925699388
63 0.884038446741
63 1.0
63 1.0
63 1.0
63 1.0
63 0.879078000096
63 0.890925410367
63 0.899951232579
63 0.907141743949
63 0.913055487392
63 0.918036538604
64 0.790292158779
64 1.0
64 1.0
64 0.760187533432
64 0.63878788648
64 0.682466377636
64 0.713576937352
64 0.737278182981
64 0.756160016921
64 0.771689137997
64 0.784769067502
65 0.857582882661
65 1.0
65 1.0
65 0.760187533432
65 0.798484858099
65 0.822852472069
65 0.840208614405
65 0.853431204948
65 0.863965113705
65 0.872628591258
65 0.879925699388
66 0.867476816319
66 1.0
66 1.0
66 1.0
66 0.84030302838
66 0.859613905567
66 0.873368322947
66 0.883846978033
66 0.892194903216
66 0.89906054674
66 0.904843368115
67 0.794669685256
67 1.0
67 0.5
67 0.619906233284
67 0.68060605676
67 0.719227811134
67 0.746736645893
67 0.767693956066
67 0.784389806432
67 0.798121093479
67 0.809686736229
68 0.7398207035
68 1.0
68 0.5
68 0.380093766716
68 0.47909091486
68 0.542080283203
68 0.586945260298
68 0.621125161014
68 0.648354920137
68 0.670749684737
68 0.689612435617
69 0.817479334525
69 1.0
69 0.5
69 0.619906233284
69 0.68060605676
69 0.719227811134
69 0.746736645893
69 0.767693956066
69 0.784389806432
69 0.798121093479
69 0.809686736229
70 0.847542083432
70 1.0
70 1.0
70 0.760187533432
70 0.798484858099
70 0.822852472069
70 0.840208614405
70 0.853431204948
70 0.863965113705
70 0.872628591258
70 0.879925699388
71 0.782837514317
71 1.0
71 0.5
71 0.619906233284
71 0.68060605676
71 0.719227811134
71 0.746736645893
71 0.767693956066
71 0.784389806432
71 0.798121093479
71 0.809686736229
72 0.755493117648
72 1.0
72 0.5
72 0.380093766716
72 0.47909091486
72 0.542080283203
72 0.586945260298
72 0.621125161014
72 0.648354920137
72 0.670749684737
72 0.689612435617
73 0.802052441362
73 1.0
73 0.5
73 0.619906233284
73 0.68060605676
73 0.719227811134
73 0.746736645893
73 0.767693956066
73 0.784389806432
73 0.798121093479
73 0.809686736229
74 0.840316614522
74 1.0
74 1.0
74 0.760187533432
74 0.798484858099
74 0.822852472069
74 0.840208614405
74 0.853431204948
74 0.863965113705
74 0.872628591258
74 0.879925699388
75 0.728846351867
75 1.0
75 0.5
75 0.380093766716
75 0.47909091486
75 0.542080283203
75 0.586945260298
75 0.621125161014
75 0.648354920137
75 0.670749684737
75 0.689612435617
76 0.826206175931
76 1.0
76 0.5
76 0.619906233284
76 0.68060605676
76 0.719227811134
76 0.746736645893
76 0.767693956066
76 0.784389806432
76 0.798121093479
76 0.809686736229
77 0.791414759316
77 0.0
77 0.5
77 0.619906233284
77 0.68060605676
77 0.719227811134
77 0.746736645893
77 0.767693956066
77 0.784389806432
77 0.798121093479
77 0.809686736229
78 0.771074471555
78 0.0
78 0.5
78 0.619906233284
78 0.68060605676
78 0.719227811134
78 0.746736645893
78 0.767693956066
78 0.784389806432
78 0.798121093479
78 0.809686736229
79 0.696650896765
79 0.0
79 0.0
79 0.239812466568
79 0.36121211352
79 0.438455622268
79 0.493473291787
79 0.535387912132
79 0.568779612865
79 0.596242186959
79 0.619373472459
80 0.789790166072
80 0.0
80 0.5
80 0.619906233284
80 0.68060605676
80 0.719227811134
80 0.746736645893
80 0.767693956066
80 0.784389806432
80 0.798121093479
80 0.809686736229
81 0.784283424349
81 0.0
81 0.5
81 0.619906233284
81 0.68060605676
81 0.719227811134
81 0.746736645893
81 0.767693956066
81 0.784389806432
81 0.798121093479
81 0.809686736229
82 0.67283067057
82 0.0
82 0.0
82 0.239812466568
82 0.36121211352
82 0.438455622268
82 0.493473291787
82 0.535387912132
82 0.568779612865
82 0.596242186959
82 0.619373472459
83 0.806738300552
83 0.0
83 0.5
83 0.619906233284
83 0.68060605676
83 0.719227811134
83 0.746736645893
83 0.767693956066
83 0.784389806432
83 0.798121093479
83 0.809686736229
84 0.785206524284
84 0.0
84 0.5
84 0.619906233284
84 0.68060605676
84 0.719227811134
84 0.746736645893
84 0.767693956066
84 0.784389806432
84 0.798121093479
84 0.809686736229
85 0.765388717204
85 0.0
85 0.5
85 0.619906233284
85 0.68060605676
85 0.719227811134
85 0.746736645893
85 0.767693956066
85 0.784389806432
85 0.798121093479
85 0.809686736229
86 0.686472278091
86 0.0
86 0.0
86 0.239812466568
86 0.36121211352
86 0.438455622268
86 0.493473291787
86 0.535387912132
86 0.568779612865
86 0.596242186959
86 0.619373472459
87 0.775054557022
87 0.0
87 0.5
87 0.619906233284
87 0.68060605676
87 0.719227811134
87 0.746736645893
87 0.767693956066
87 0.784389806432
87 0.798121093479
87 0.809686736229
88 0.783666973009
88 0.0
88 0.5
88 0.619906233284
88 0.68060605676
88 0.719227811134
88 0.746736645893
88 0.767693956066
88 0.784389806432
88 0.798121093479
88 0.809686736229
89 0.66656174857
89 0.0
89 0.0
89 0.239812466568
89 0.36121211352
89 0.438455622268
89 0.493473291787
89 0.535387912132
89 0.568779612865
89 0.596242186959
89 0.619373472459
90 0.813991170694
90 1.0
90 0.5
90 0.619906233284
90 0.68060605676
90 0.719227811134
90 0.746736645893
90 0.767693956066
90 0.784389806432
90 0.798121093479
90 0.809686736229
91 0.778626193318
91 0.0
91 0.5
91 0.619906233284
91 0.68060605676
91 0.719227811134
91 0.746736645893
91 0.767693956066
91 0.784389806432
91 0.798121093479
91 0.809686736229
92 0.767428330086
92 0.0
92 0.5
92 0.619906233284
92 0.68060605676
92 0.719227811134
92 0.746736645893
92 0.767693956066
92 0.784389806432
92 0.798121093479
92 0.809686736229
93 0.680685122939
93 0.0
93 0.0
93 0.239812466568
93 0.36121211352
93 0.438455622268
93 0.493473291787
93 0.535387912132
93 0.568779612865
93 0.596242186959
93 0.619373472459
94 0.7919328154
94 1.0
94 0.5
94 0.619906233284
94 0.68060605676
94 0.719227811134
94 0.746736645893
94 0.767693956066
94 0.784389806432
94 0.798121093479
94 0.809686736229
95 0.844113935991
95 1.0
95 1.0
95 0.760187533432
95 0.798484858099
95 0.822852472069
95 0.840208614405
95 0.853431204948
95 0.863965113705
95 0.872628591258
95 0.879925699388
96 0.71603525017
96 1.0
96 0.5
96 0.380093766716
96 0.47909091486
96 0.542080283203
96 0.586945260298
96 0.621125161014
96 0.648354920137
96 0.670749684737
96 0.689612435617
97 0.804421513635
97 1.0
97 0.5
97 0.619906233284
97 0.68060605676
97 0.719227811134
97 0.746736645893
97 0.767693956066
97 0.784389806432
97 0.798121093479
97 0.809686736229
98 0.832887306238
98 1.0
98 1.0
98 0.760187533432
98 0.798484858099
98 0.822852472069
98 0.840208614405
98 0.853431204948
98 0.863965113705
98 0.872628591258
98 0.879925699388
99 0.769775425485
99 1.0
99 0.5
99 0.619906233284
99 0.68060605676
99 0.719227811134
99 0.746736645893
99 0.767693956066
99 0.784389806432
99 0.798121093479
99 0.809686736229
100 0.720026877019
100 1.0
100 0.5
100 0.380093766716
100 0.47909091486
100 0.542080283203
100 0.586945260298
100 0.621125161014
100 0.648354920137
100 0.670749684737
100 0.689612435617
101 0.796557523429
101 1.0
101 0.5
101 0.619906233284
101 0.68060605676
101 0.719227811134
101 0.746736645893
101 0.767693956066
101 0.784389806432
101 0.798121093479
101 0.809686736229
102 0.839678245679
102 1.0
102 1.0
102 0.760187533432
102 0.798484858099
102 0.822852472069
102 0.840208614405
102 0.853431204948
102 0.863965113705
102 0.872628591258
102 0.879925699388
103 0.703789692792
103 1.0
103 0.5
103 0.380093766716
103 0.47909091486
103 0.542080283203
103 0.586945260298
103 0.621125161014
103 0.648354920137
103 0.670749684737
103 0.689612435617
104 0.793804403934
104 1.0
104 0.5
104 0.619906233284
104 0.68060605676
104 0.719227811134
104 0.746736645893
104 0.767693956066
104 0.784389806432
104 0.798121093479
104 0.809686736229
105 0.829298120624
105 1.0
105 1.0
105 0.760187533432
105 0.798484858099
105 0.822852472069
105 0.840208614405
105 0.853431204948
105 0.863965113705
105 0.872628591258
105 0.879925699388
106 0.758270664672
106 1.0
106 0.5
106 0.619906233284
106 0.68060605676
106 0.719227811134
106 0.746736645893
106 0.767693956066
106 0.784389806432
106 0.798121093479
106 0.809686736229
107 0.687041868411
107 1.0
107 0.5
107 0.380093766716
107 0.47909091486
107 0.542080283203
107 0.586945260298
107 0.621125161014
107 0.648354920137
107 0.670749684737
107 0.689612435617
108 0.798338215063
108 1.0
108 0.5
108 0.619906233284
108 0.68060605676
108 0.719227811134
108 0.746736645893
108 0.767693956066
108 0.784389806432
108 0.798121093479
108 0.809686736229
109 0.824400483382
109 1.0
109 1.0
109 0.760187533432
109 0.798484858099
109 0.822852472069
109 0.840208614405
109 0.853431204948
109 0.863965113705
109 0.872628591258
109 0.879925699388
110 0.75813594408
110 1.0
110 0.5
110 0.619906233284
110 0.68060605676
110 0.719227811134
110 0.746736645893
110 0.767693956066
110 0.784389806432
110 0.798121093479
110 0.809686736229
111 0.730331655912
111 1.0
111 0.5
111 0.380093766716
111 0.47909091486
111 0.542080283203
111 0.586945260298
111 0.621125161014
111 0.648354920137
111 0.670749684737
111 0.689612435617
112 0.754557495509
112 0.0
112 0.5
112 0.619906233284
112 0.68060605676
112 0.719227811134
112 0.746736645893
112 0.767693956066
112 0.784389806432
112 0.798121093479
112 0.809686736229
113 0.736213005402
113 0.0
113 0.5
113 0.619906233284
113 0.68060605676
113 0.719227811134
113 0.746736645893
113 0.767693956066
113 0.784389806432
113 0.798121093479
113 0.809686736229
114 0.632196020124
114 0.0
114 0.0
114 0.239812466568
114 0.36121211352
114 0.438455622268
114 0.493473291787
114 0.535387912132
114 0.568779612865
114 0.596242186959
114 0.619373472459
115 0.784566608681
115 0.0
115 0.5
115 0.619906233284
115 0.68060605676
115 0.719227811134
115 0.746736645893
115 0.767693956066
115 0.784389806432
115 0.798121093479
115 0.809686736229
116 0.764230495248
116 0.0
116 0.5
116 0.619906233284
116 0.68060605676
116 0.719227811134
116 0.746736645893
116 0.767693956066
116 0.784389806432
116 0.798121093479
116 0.809686736229
117 0.828876787911
117 1.0
117 1.0
117 1.0
117 1.0
117 1.0
117 1.0
117 1.0
117 1.0
117 1.0
117 1.0
118 0.881913211234
118 1.0
118 1.0
118 1.0
118 1.0
118 1.0
118 1.0
118 1.0
118 1.0
118 1.0
118 1.0
119 0.746331865172
119 0.0
119 0.5
119 0.619906233284
119 0.68060605676
119 0.719227811134
119 0.746736645893
119 0.767693956066
119 0.784389806432
119 0.798121093479
119 0.809686736229
120 0.723016670085
120 0.0
120 0.5
120 0.619906233284
120 0.68060605676
120 0.719227811134
120 0.746736645893
120 0.767693956066
120 0.784389806432
120 0.798121093479
120 0.809686736229
