0 0.6875
1 0.675000011921
2 0.862500011921
3 0.774999976158
4 0.75
5 0.699999988079
6 0.8125
7 0.774999976158
8 0.762499988079
9 0.712499976158
10 0.774999976158
11 0.6875
12 0.762499988079
13 0.75
14 0.787500023842
15 0.762499988079
16 0.824999988079
17 0.725000023842
18 0.800000011921
19 0.787500023842
20 0.850000023842
21 0.699999988079
22 0.774999976158
23 0.8125
24 0.774999976158
25 0.762499988079
26 0.725000023842
27 0.787500023842
28 0.800000011921
29 0.737500011921
30 0.774999976158
31 0.862500011921
32 0.824999988079
33 0.8125
34 0.8125
35 0.8125
36 0.850000023842
37 0.824999988079
38 0.837499976158
39 0.8125
40 0.837499976158
41 0.800000011921
42 0.824999988079
43 0.8125
44 0.824999988079
45 0.824999988079
46 0.862500011921
47 0.8125
48 0.850000023842
49 0.837499976158
50 0.887499988079
51 0.824999988079
52 0.850000023842
53 0.875
54 0.899999976158
55 0.8125
56 0.875
57 0.837499976158
58 0.875
59 0.824999988079
60 0.925000011921
61 0.837499976158
62 0.875
63 0.837499976158
64 0.899999976158
65 0.875
66 0.899999976158
67 0.899999976158
68 0.887499988079
69 0.899999976158
70 0.875
71 0.875
72 0.899999976158
73 0.850000023842
74 0.837499976158
75 0.887499988079
76 0.912500023842
77 0.837499976158
78 0.925000011921
79 0.887499988079
80 0.875
81 0.850000023842
82 0.912500023842
83 0.912500023842
84 0.912500023842
85 0.875
86 0.962499976158
87 0.850000023842
88 0.925000011921
89 0.887499988079
90 0.925000011921
91 0.875
92 0.9375
93 0.887499988079
94 0.962499976158
95 0.887499988079
96 0.925000011921
97 0.949999988079
98 0.925000011921
99 0.912500023842
100 0.9375
101 0.975000023842
102 0.962499976158
103 0.949999988079
104 0.949999988079
105 0.949999988079
106 0.975000023842
107 0.899999976158
108 0.887499988079
109 0.962499976158
110 0.9375
111 0.925000011921
112 0.9375
113 0.9375
114 0.925000011921
115 0.9375
116 0.9375
117 0.962499976158
118 0.9375
119 0.912500023842
120 0.987500011921
