0 0.6145414114
1 0.587587833405
2 0.544995437066
3 0.53977484256
4 0.541516286135
5 0.543492143353
6 0.533324250153
7 0.529586300254
8 0.529983964231
9 0.529757452011
10 0.52293237231
11 0.52201197048
12 0.522564365314
13 0.521142499787
14 0.517306363583
15 0.515341505408
16 0.512448005817
17 0.512253930171
18 0.509647123123
19 0.505896672606
20 0.502616172745
21 0.501935454932
22 0.500773628121
23 0.498421230664
24 0.497543928623
25 0.496759939652
26 0.495335092147
27 0.493875991021
28 0.491415763723
29 0.490513340632
30 0.489017822089
31 0.485647539608
32 0.483718371753
33 0.481792030089
34 0.479672863654
35 0.477243742181
36 0.475084138883
37 0.473101114756
38 0.470610550581
39 0.4686658144
40 0.467621882514
41 0.466162552436
42 0.46349165398
43 0.461837732656
44 0.460253603591
45 0.459074731754
46 0.456128451418
47 0.454446012154
48 0.452886800985
49 0.450751444697
50 0.448615764286
51 0.447183239918
52 0.445864035273
53 0.443221171697
54 0.440954034979
55 0.439559618277
56 0.437627537209
57 0.436481387451
58 0.433795778933
59 0.432536406815
60 0.43055659044
61 0.428906953623
62 0.426831648463
63 0.425683983602
64 0.423871774398
65 0.42237169273
66 0.4199583824
67 0.418019345578
68 0.415921562824
69 0.41394299141
70 0.412014690503
71 0.410689229353
72 0.408758474948
73 0.406923661361
74 0.405124064287
75 0.404103423028
76 0.401837541685
77 0.400330480093
78 0.398214310219
79 0.397025219537
80 0.395768718035
81 0.394299950723
82 0.39214466189
83 0.390361900308
84 0.388571135261
85 0.387237154294
86 0.385045017662
87 0.384210406718
88 0.382289758224
89 0.380524096886
90 0.378408118427
91 0.377568376291
92 0.375548676457
93 0.374117366018
94 0.371866681701
95 0.370783877249
96 0.368902517655
97 0.367009007201
98 0.365156322116
99 0.363679198325
100 0.361754687411
101 0.359861114884
102 0.357801173787
103 0.356041975319
104 0.35448563695
105 0.3527027869
106 0.350591257215
107 0.349742312536
108 0.348770957611
109 0.34699220847
110 0.345125181986
111 0.343703351915
112 0.342243272251
113 0.340931100673
114 0.339398854323
115 0.338019959115
116 0.336467134647
117 0.3349745117
118 0.333450107514
119 0.332321441298
120 0.330387373478
