0 0.6875
1 0.68125000596
2 0.741666674614
3 0.75
4 0.75
5 0.74166666468
6 0.751785712583
7 0.75468749553
8 0.755555550257
9 0.751249992847
10 0.753409082239
11 0.747916658719
12 0.749038453286
13 0.749107135194
14 0.751666661104
15 0.75234374404
16 0.756617640748
17 0.754861106475
18 0.757236838341
19 0.758749997616
20 0.76309523696
21 0.760227271102
22 0.760869562626
23 0.76302083085
24 0.763499996662
25 0.763461534794
26 0.762037034388
27 0.762946426868
28 0.764224136698
29 0.763333332539
30 0.763709675881
31 0.766796873882
32 0.768560604616
33 0.769852939774
34 0.771071427209
35 0.772222220898
36 0.77432432368
37 0.775657893796
38 0.777243588215
39 0.77812499851
40 0.779573168696
41 0.780059522107
42 0.781104649222
43 0.781818179922
44 0.782777775659
45 0.783695649842
46 0.785372338396
47 0.785937498013
48 0.787244896499
49 0.788249998093
50 0.790196076328
51 0.790865382323
52 0.791981130276
53 0.793518516752
54 0.795454543287
55 0.795758926443
56 0.797149120716
57 0.79784482512
58 0.799152539948
59 0.79958333075
60 0.801639341917
61 0.802217739244
62 0.803373013224
63 0.80390624702
64 0.805384612083
65 0.806439390688
66 0.807835817337
67 0.809191172614
68 0.810326082983
69 0.8116071386
70 0.812499995802
71 0.813368051416
72 0.814554790111
73 0.815033779756
74 0.815333329042
75 0.816282890345
76 0.817532463507
77 0.817788457259
78 0.819145565546
79 0.819999995828
80 0.820679008225
81 0.821036581586
82 0.82213855077
83 0.823214282592
84 0.824264703077
85 0.82485464839
86 0.826436778595
87 0.826704542745
88 0.827808986219
89 0.828472219573
90 0.829532964544
91 0.830027171451
92 0.831182793263
93 0.831781912357
94 0.833157891976
95 0.833723955477
96 0.83466494575
97 0.835841833937
98 0.836742421593
99 0.837499997616
100 0.838490096649
101 0.839828429269
102 0.841019415161
103 0.842067305285
104 0.843095235598
105 0.844103770998
106 0.845327100464
107 0.845833330795
108 0.846215593705
109 0.847272724455
110 0.848085582793
111 0.848772318768
112 0.849557519487
113 0.850328944754
114 0.850978258382
115 0.851724135465
116 0.852457262512
117 0.853389827882
118 0.854096636051
119 0.854583330949
120 0.855681815916
