0 0.6145414114
1 0.560634255409
2 0.459810644388
3 0.524113059044
4 0.548482060432
5 0.553371429443
6 0.472316890955
7 0.503420650959
8 0.533165276051
9 0.52771884203
10 0.454681575298
11 0.511887550354
12 0.529193103313
13 0.502658247948
14 0.463600456715
15 0.485868632793
16 0.466152012348
17 0.508954644203
18 0.462724596262
19 0.434638112783
20 0.437006175518
21 0.487640380859
22 0.475213438272
23 0.444316089153
24 0.476488679647
25 0.477160215378
26 0.458289057016
27 0.454480260611
28 0.422529399395
29 0.464343070984
30 0.444152265787
31 0.381168782711
32 0.421985000372
33 0.418222755194
34 0.407621204853
35 0.392224490643
36 0.397338420153
37 0.399729222059
38 0.375969111919
39 0.392821103334
40 0.425864607096
41 0.406330019236
42 0.351313918829
43 0.390719115734
44 0.390551924706
45 0.406025499105
46 0.320599555969
47 0.375371366739
48 0.37804466486
49 0.346118986607
50 0.341831743717
51 0.374124497175
52 0.377265393734
53 0.303149402142
54 0.318528652191
55 0.362866699696
56 0.329430997372
57 0.37115085125
58 0.278030484915
59 0.358233451843
60 0.311767607927
61 0.328279107809
62 0.298162728548
63 0.353381097317
64 0.307890385389
65 0.324866384268
66 0.260679900646
67 0.288103878498
68 0.273272335529
69 0.277421563864
70 0.277033627033
71 0.316581487656
72 0.269744157791
73 0.272982269526
74 0.271953880787
75 0.327555328608
76 0.229630559683
77 0.284286737442
78 0.233153060079
79 0.303087055683
80 0.29524859786
81 0.27532979846
82 0.215410977602
83 0.24239268899
84 0.238146871328
85 0.273848772049
86 0.196521267295
87 0.311599254608
88 0.213272690773
89 0.223380237818
90 0.18797005713
91 0.301151841879
92 0.189736291766
93 0.241005495191
94 0.160302355886
95 0.267917454243
96 0.188291996717
97 0.183338493109
98 0.183593183756
99 0.217443943024
100 0.16930359602
101 0.168610289693
102 0.14768718183
103 0.174844533205
104 0.192626446486
105 0.165503531694
106 0.12676911056
107 0.258905231953
108 0.243864625692
109 0.153108552098
110 0.139752268791
111 0.185880213976
112 0.178714349866
113 0.192655712366
114 0.164722770452
115 0.179447010159
116 0.156339496374
117 0.160337626934
118 0.153570413589
119 0.198010161519
120 0.0982992351055
