0 0.499396231227
920 0.521743621813
1840 0.486363720119
2760 0.499703576717
3680 0.495179599497
4600 0.521891469717
5520 0.487116784427
6440 0.482854603529
7360 0.575745571269
8280 0.627488798042
9200 0.595609813965
10120 0.62526908355
11040 0.567935043577
11960 0.587018013381
12880 0.579412438436
13800 0.582401529865
14720 0.590305091563
15640 0.515387979613
16560 0.600683088286
17480 0.592275932617
18400 0.561294499558
19320 0.567367964695
20240 0.561680784802
21160 0.530367666673
22080 0.617758893438
23000 0.580596450048
23920 0.602842765989
24840 0.572543590705
25760 0.59389937604
26680 0.606225852659
27600 0.601557879344
28520 0.639839408116
29440 0.65251042099
30360 0.642620693748
31280 0.645711012482
32200 0.587316662262
33120 0.613076363938
34040 0.666273172253
34960 0.650590200268
35880 0.676624934697
36800 0.624732670748
37720 0.665219906699
38640 0.654419943088
39560 0.646773272026
40480 0.662192054578
41400 0.706271500388
42320 0.649268023259
43240 0.702345564644
44160 0.635386253392
45080 0.692851379983
46000 0.672519683388
46920 0.644752915385
47840 0.703433574736
48760 0.662801056896
49680 0.733531788106
50600 0.692319846037
51520 0.687559091678
52440 0.688640046251
53360 0.735044574647
54280 0.717416321816
55200 0.676265374071
56120 0.68240850518
57040 0.700773502533
57960 0.659927878951
58880 0.663462694395
59800 0.692760154366
60720 0.722237757119
61640 0.708483489779
62560 0.691215218814
63480 0.66135399762
64400 0.707581934853
65320 0.713887992367
66240 0.644658474276
67160 0.71436916412
68080 0.658944743845
69000 0.675857622318
69920 0.715536846944
70840 0.66993171524
71760 0.702955063787
72680 0.692712512679
73600 0.650983871992
74520 0.681880190135
75440 0.715307807015
76360 0.706727424223
77280 0.701180232956
78200 0.693319252279
79120 0.669141469765
80040 0.668031006721
80960 0.705063176915
81880 0.720091954745
82800 0.665940411654
83720 0.671492302473
84640 0.72224012123
85560 0.717486216713
86480 0.698966580127
87400 0.668466118024
88320 0.713885657611
89240 0.712747401654
90160 0.702508783617
91080 0.701784631739
92000 0.684934922795
92920 0.700137263933
93840 0.698804196128
94760 0.686371388019
95680 0.692454338283
96600 0.691711990608
97520 0.711857548959
98440 0.727651813265
99360 0.683905451059
100280 0.724613080201
101200 0.669307357239
102120 0.69616990786
103040 0.68492564978
103960 0.642507492453
104880 0.698696772976
105800 0.706601970987
106720 0.7274969958
107640 0.70265729286
108560 0.664774907139
109480 0.718340781329
110400 0.719060701197
111320 0.662827682534
112240 0.661111722688
113160 0.687513467525
114080 0.719519050957
115000 0.678336370204
115920 0.745679586621
116840 0.699354574405
117760 0.695596180748
118680 0.694804715553
119600 0.681691069512
120520 0.692261158288
121440 0.705290186683
122360 0.744270235
123280 0.723615181554
124200 0.676064493009
125120 0.693688643199
126040 0.684876941944
126960 0.746897343507
127880 0.71971359432
128800 0.721499468922
129720 0.752741823218
130640 0.644294954917
131560 0.751691157415
132480 0.704881417463
133400 0.70009112491
134320 0.697518686603
135240 0.691115693972
136160 0.728511160218
137080 0.726358204875
137706 0.729741306007
