0 0.499396231227
920 0
1840 0.486363720119
2760 0.499692775311
3680 0.495179599497
4600 0
5520 0.487116784427
6440 0.482219618914
7360 0.410574841415
8280 0.371802738262
9200 0.36201229856
10120 0.377931529665
11040 0.355328388844
11960 0.349751154163
12880 0.362275216203
13800 0.35470568828
14720 0.34438875853
15640 0.347576738537
16560 0.338091148707
17480 0.358079814681
18400 0.328081660631
19320 0.343102806449
20240 0.336241160518
21160 0.305532401032
22080 0.34293650853
23000 0.339189525586
23920 0.348901077119
24840 0.342629379252
25760 0.317745892024
26680 0.318079930491
27600 0.318284628485
28520 0.336771712167
29440 0.316797195361
30360 0.319456415485
31280 0.303591458313
32200 0.289613863785
33120 0.301130959515
34040 0.303941000312
34960 0.296930939152
35880 0.307664355652
36800 0.288549405582
37720 0.305275636017
38640 0.289617667574
39560 0.284980301004
40480 0.287211581528
41400 0.316303643326
42320 0.294516139433
43240 0.304722871873
44160 0.272231998074
45080 0.296415524324
46000 0.288304074316
46920 0.283686490495
47840 0.299308157818
48760 0.281880740556
49680 0.306046997946
50600 0.298091679768
51520 0.294773705472
52440 0.284974358638
53360 0.307555828741
54280 0.290149354156
55200 0.282341484982
56120 0.289188752194
57040 0.29246612574
57960 0.277362736015
58880 0.272127268659
59800 0.296958054569
60720 0.30170598095
61640 0.288177987835
62560 0.276401610405
63480 0.264525161314
64400 0.284691542111
65320 0.299237725372
66240 0.26441502845
67160 0.286704024547
68080 0.264126395367
69000 0.273019389552
69920 0.291788831822
70840 0.270009100065
71760 0.270299059649
72680 0.27582239082
73600 0.267830808172
74520 0.281061214824
75440 0.278145881207
76360 0.28087877395
77280 0.269853362347
78200 0.271228148543
79120 0.277554323696
80040 0.260687646445
80960 0.270259461828
81880 0.276822684109
82800 0.270162546522
83720 0.268840911103
84640 0.273876295779
85560 0.281161390759
86480 0.262581539137
87400 0.264435848713
88320 0.276420133677
89240 0.265335103638
90160 0.259308758231
91080 0.262766326085
92000 0.264558715492
92920 0.269204321233
93840 0.26828528092
94760 0.268007727764
95680 0.260948736918
96600 0.259757695357
97520 0.27820958534
98440 0.273473031787
99360 0.257736618557
100280 0.265132511762
101200 0.258300499668
102120 0.266609563558
103040 0.254644792268
103960 0.252281774965
104880 0.259219415367
105800 0.259088701264
106720 0.271968546429
107640 0.261205346086
108560 0.252025248949
109480 0.256680939975
110400 0.267787000841
111320 0.251549072805
112240 0.247670593392
113160 0.252743198986
114080 0.261570335929
115000 0.253678918317
115920 0.277818038892
116840 0.259071135216
117760 0.260296407619
118680 0.249933715292
119600 0.252418689169
120520 0.247305147423
121440 0.263352592908
122360 0.270535429721
123280 0.261860503937
124200 0.251317988665
125120 0.24776423322
126040 0.254537955892
126960 0.270783668342
127880 0.256314070636
128800 0.254615289871
129720 0.266723266305
130640 0.243954431775
131560 0.265953939846
132480 0.245302896
133400 0.249617462042
134320 0.24258244773
135240 0.249867709733
136160 0.259446160445
137080 0.257794089645
137706 0.249515038018
