0 0
920 0.521743621813
1840 0
2760 0.500037501044
3680 0
4600 0.521891469717
5520 0
6440 0.502629838671
7360 0.651114739261
8280 0.72227098956
9200 0.72726206205
10120 0.742258532114
11040 0.731253711554
11960 0.751142457352
12880 0.74560887648
13800 0.748189285489
14720 0.771986710095
15640 0.729737965684
16560 0.781159663182
17480 0.765929091272
18400 0.774469485033
19320 0.76220297759
20240 0.768117835391
21160 0.777654984039
22080 0.786357351874
23000 0.775291958376
23920 0.768408272388
24840 0.754497990534
25760 0.778342881673
26680 0.777724258657
27600 0.771602419689
28520 0.762561481687
29440 0.781773962161
30360 0.781559768578
31280 0.782005999568
32200 0.758683399201
33120 0.776496458974
34040 0.796984475889
34960 0.793333520256
35880 0.800341686721
36800 0.77577152901
37720 0.798650359766
38640 0.79911805237
39560 0.79311649626
40480 0.799169144855
41400 0.815409262433
42320 0.799381249242
43240 0.816098155516
44160 0.791188539494
45080 0.817432273876
46000 0.813507671164
46920 0.798351967848
47840 0.829811184694
48760 0.80116017816
49680 0.837157311507
50600 0.822331262572
51520 0.811898994509
52440 0.817827275699
53360 0.841768368752
54280 0.835751327615
55200 0.814032397069
56120 0.812551333808
57040 0.828615292815
57960 0.802063480669
58880 0.814644032618
59800 0.817598057225
60720 0.835526289203
61640 0.83245849395
62560 0.824130846861
63480 0.820307845217
64400 0.832161843417
65320 0.829330396246
66240 0.808310612117
67160 0.836088303188
68080 0.817782540008
69000 0.819364189868
69920 0.836141120731
70840 0.821372999664
71760 0.837592771368
72680 0.836493505095
73600 0.820632599512
74520 0.828960786179
75440 0.842954570882
76360 0.834568148764
77280 0.84106316745
78200 0.835018580959
79120 0.827021787778
80040 0.825222639128
80960 0.843207256232
81880 0.847718997178
82800 0.826725169364
83720 0.827217262772
84640 0.850838610486
85560 0.843435651009
86480 0.8396408058
87400 0.83100992534
88320 0.842922251002
89240 0.845051585375
90160 0.844348392797
91080 0.847777393731
92000 0.838320599891
92920 0.839221441206
93840 0.846421693464
94760 0.838676558061
95680 0.841623140668
96600 0.840341425533
97520 0.84796603389
98440 0.852454481263
99360 0.845105606692
100280 0.856231013184
101200 0.834298898631
102120 0.839356689294
103040 0.836629721274
103960 0.828402420863
104880 0.847805162164
105800 0.848094174722
106720 0.853824357434
107640 0.845651877561
108560 0.838132368499
109480 0.860420924309
110400 0.849325274496
111320 0.835751643442
112240 0.83181033651
113160 0.844714820295
114080 0.857512851148
115000 0.84148529589
115920 0.864928179657
116840 0.846986706833
117760 0.849778495816
118680 0.855658223968
119600 0.846978772747
120520 0.846617344039
121440 0.850861949477
122360 0.869694121052
123280 0.86554907142
124200 0.841972892729
125120 0.847304073347
126040 0.842968656965
126960 0.868749489789
127880 0.860398038358
128800 0.85799806004
129720 0.870056647301
130640 0.839896328612
131560 0.872451575545
132480 0.859347832635
133400 0.853829528482
134320 0.852780085562
135240 0.850295870928
136160 0.870207878899
137080 0.867198285753
137706 0.865014384629
