0 0.609071524559
0 1.0
0 1.0
0 0.760187533432
0 0.63878788648
0 0.561544377732
0 0.506526708213
0 0.464612087868
0 0.431220387135
0 0.467443517412
0 0.497953678815
920 0.631509735542
920 0.0
920 0.0
920 0.239812466568
920 0.36121211352
920 0.438455622268
920 0.493473291787
920 0.452638829674
920 0.491977712302
920 0.524331469531
920 0.494292519134
1840 0.629105704889
1840 1.0
1840 1.0
1840 1.0
1840 1.0
1840 0.879078000096
1840 0.890925410367
1840 0.899951232579
1840 0.907141743949
1840 0.913055487392
1840 0.918036538604
2760 0.634481861157
2760 1.0
2760 1.0
2760 0.760187533432
2760 0.798484858099
2760 0.822852472069
2760 0.840208614405
2760 0.853431204948
2760 0.792095049182
2760 0.805335622418
2760 0.75919794383
3680 0.645912025
3680 1.0
3680 1.0
3680 1.0
3680 1.0
3680 1.0
3680 0.902024360494
3680 0.910131754767
3680 0.91659059135
3680 0.85821687392
3680 0.86633962935
4600 0.641169105605
4600 1.0
4600 0.5
4600 0.619906233284
4600 0.68060605676
4600 0.719227811134
4600 0.648761006388
4600 0.677825710833
4600 0.700980397783
4600 0.720023671771
4600 0.736063515886
5520 0.633725710272
5520 0.0
5520 0.5
5520 0.619906233284
5520 0.52090908514
5520 0.578841716701
5520 0.62010496884
5520 0.651540934099
5520 0.676584709649
5520 0.697181640219
5520 0.657240103376
6440 0.625401314503
6440 0.0
6440 0.5
6440 0.619906233284
6440 0.68060605676
6440 0.59830581123
6440 0.637662056261
6440 0.667645188645
6440 0.691531550381
6440 0.6474908765
6440 0.610396123559
7360 0.636842403871
7360 0.0
7360 0.5
7360 0.619906233284
7360 0.52090908514
7360 0.578841716701
7360 0.62010496884
7360 0.651540934099
7360 0.676584709649
7360 0.697181640219
7360 0.714530104344
8280 0.65043536964
8280 1.0
8280 1.0
8280 0.760187533432
8280 0.798484858099
8280 0.822852472069
8280 0.742232974899
8280 0.680813877256
8280 0.703753804492
8280 0.65893474775
8280 0.678474376381
9200 0.658730671959
9200 1.0
9200 1.0
9200 1.0
9200 1.0
9200 1.0
9200 1.0
9200 1.0
9200 1.0
9200 1.0
9200 1.0
10120 0.657739910563
10120 1.0
10120 0.5
10120 0.619906233284
10120 0.68060605676
10120 0.719227811134
10120 0.746736645893
10120 0.767693956066
10120 0.784389806432
10120 0.798121093479
10120 0.809686736229
11040 0.649479663971
11040 1.0
11040 1.0
11040 1.0
11040 0.84030302838
11040 0.859613905567
11040 0.873368322947
11040 0.883846978033
11040 0.892194903216
11040 0.89906054674
11040 0.904843368115
11960 0.667384819782
11960 1.0
11960 1.0
11960 1.0
11960 1.0
11960 1.0
11960 0.902024360494
11960 0.910131754767
11960 0.91659059135
11960 0.921902578291
11960 0.926376779656
12880 0.656419291692
12880 0.0
12880 0.5
12880 0.619906233284
12880 0.68060605676
12880 0.719227811134
12880 0.648761006388
12880 0.677825710833
12880 0.700980397783
12880 0.720023671771
12880 0.736063515886
13800 0.666331569508
13800 1.0
13800 1.0
13800 1.0
13800 1.0
13800 0.879078000096
13800 0.792949770862
13800 0.810082987345
13800 0.823732335299
13800 0.834958065683
13800 0.84441331826
14720 0.668603611692
14720 1.0
14720 1.0
14720 1.0
14720 1.0
14720 0.879078000096
14720 0.890925410367
14720 0.899951232579
14720 0.907141743949
14720 0.913055487392
14720 0.918036538604
15640 0.658917724946
15640 1.0
15640 1.0
15640 1.0
15640 1.0
15640 1.0
15640 1.0
15640 1.0
15640 0.928129935477
15640 0.93270703116
15640 0.93656224541
16560 0.672944286463
16560 1.0
16560 1.0
16560 1.0
16560 1.0
16560 1.0
16560 1.0
16560 1.0
16560 1.0
16560 1.0
16560 1.0
17480 0.659337354756
17480 0.0
17480 0.5
17480 0.380093766716
17480 0.47909091486
17480 0.542080283203
17480 0.586945260298
17480 0.621125161014
17480 0.648354920137
17480 0.607063980366
17480 0.572285284343
18400 0.673213508138
18400 1.0
18400 1.0
18400 1.0
18400 1.0
18400 1.0
18400 1.0
18400 0.917250917542
18400 0.851328034915
18400 0.860796313732
18400 0.868771293053
19320 0.676778353312
19320 1.0
19320 1.0
19320 1.0
19320 0.84030302838
19320 0.738691905663
19320 0.764293733314
19320 0.783798210612
19320 0.799336647165
19320 0.812116034132
19320 0.822879906718
20240 0.669374664783
20240 1.0
20240 1.0
20240 1.0
20240 1.0
20240 1.0
20240 1.0
20240 0.917250917542
20240 0.851328034915
20240 0.860796313732
20240 0.868771293053
21160 0.681391944331
21160 1.0
21160 1.0
21160 1.0
21160 1.0
21160 1.0
21160 1.0
21160 1.0
21160 0.928129935477
21160 0.869021326789
21160 0.876525095104
22080 0.665466925321
22080 0.0
22080 0.0
22080 0.239812466568
22080 0.36121211352
22080 0.438455622268
22080 0.493473291787
22080 0.535387912132
22080 0.496909548342
22080 0.528949218119
22080 0.555935717868
23000 0.685534136786
23000 1.0
23000 1.0
23000 1.0
23000 1.0
23000 1.0
23000 1.0
23000 1.0
23000 1.0
23000 1.0
23000 1.0
23920 0.6854660625
23920 1.0
23920 1.0
23920 1.0
23920 1.0
23920 1.0
23920 1.0
23920 0.917250917542
23920 0.923198099438
23920 0.928089282572
23920 0.932209047643
24840 0.681147649198
24840 1.0
24840 1.0
24840 1.0
24840 1.0
24840 1.0
24840 1.0
24840 1.0
24840 1.0
24840 1.0
24840 1.0
25760 0.691084710013
25760 1.0
25760 1.0
25760 1.0
25760 1.0
25760 1.0
25760 1.0
25760 1.0
25760 1.0
25760 1.0
25760 1.0
26680 0.67658219869
26680 0.0
26680 0.5
26680 0.380093766716
26680 0.31939394324
26680 0.40169418877
26680 0.460313583245
26680 0.504972139047
26680 0.540549823354
26680 0.569810231477
26680 0.594455803732
27600 0.6970355832
27600 1.0
27600 1.0
27600 1.0
27600 1.0
27600 1.0
27600 1.0
27600 1.0
27600 1.0
27600 1.0
27600 0.942709999032
28520 0.700488771758
28520 1.0
28520 1.0
28520 1.0
28520 1.0
28520 1.0
28520 0.902024360494
28520 0.910131754767
28520 0.91659059135
28520 0.921902578291
28520 0.869086778689
29440 0.697385500647
29440 1.0
29440 1.0
29440 1.0
29440 1.0
29440 1.0
29440 1.0
29440 1.0
29440 1.0
29440 1.0
29440 1.0
30360 0.708729067121
30360 1.0
30360 1.0
30360 1.0
30360 1.0
30360 1.0
30360 1.0
30360 1.0
30360 1.0
30360 1.0
30360 1.0
31280 0.700777872143
31280 1.0
31280 1.0
31280 0.760187533432
31280 0.798484858099
31280 0.701930472165
31280 0.731134024772
31280 0.753382437526
31280 0.699236793131
31280 0.71839110981
31280 0.734524483401
32200 0.718345168445
32200 1.0
32200 1.0
32200 1.0
32200 1.0
32200 1.0
32200 0.902024360494
32200 0.910131754767
32200 0.91659059135
32200 0.921902578291
32200 0.926376779656
33120 0.717594225363
33120 1.0
33120 1.0
33120 1.0
33120 1.0
33120 1.0
33120 1.0
33120 1.0
33120 1.0
33120 1.0
33120 0.942709999032
34040 0.714437421643
34040 1.0
34040 1.0
34040 1.0
34040 1.0
34040 1.0
34040 1.0
34040 1.0
34040 1.0
34040 1.0
34040 0.942709999032
34960 0.717914170474
34960 1.0
34960 1.0
34960 1.0
34960 1.0
34960 1.0
34960 1.0
34960 1.0
34960 1.0
34960 1.0
34960 1.0
35880 0.712849944207
35880 1.0
35880 1.0
35880 1.0
35880 1.0
35880 1.0
35880 0.902024360494
35880 0.827382672309
35880 0.839788690788
35880 0.786306156492
35880 0.798548676993
36800 0.720638334433
36800 1.0
36800 1.0
36800 1.0
36800 1.0
36800 0.879078000096
36800 0.890925410367
36800 0.899951232579
36800 0.907141743949
36800 0.913055487392
36800 0.918036538604
37720 0.722828456574
37720 1.0
37720 1.0
37720 1.0
37720 1.0
37720 1.0
37720 1.0
37720 1.0
37720 1.0
37720 1.0
37720 0.942709999032
38640 0.722334784892
38640 1.0
38640 1.0
38640 1.0
38640 1.0
38640 1.0
38640 1.0
38640 1.0
38640 1.0
38640 0.936314295629
38640 0.939962849694
39560 0.725563790158
39560 1.0
39560 1.0
39560 1.0
39560 1.0
39560 1.0
39560 1.0
39560 1.0
39560 1.0
39560 1.0
39560 1.0
40480 0.71487856204
40480 1.0
40480 1.0
40480 1.0
40480 1.0
40480 1.0
40480 1.0
40480 1.0
40480 0.928129935477
40480 0.869021326789
40480 0.876525095104
41400 0.720828837986
41400 1.0
41400 1.0
41400 1.0
41400 1.0
41400 0.879078000096
41400 0.890925410367
41400 0.899951232579
41400 0.907141743949
41400 0.913055487392
41400 0.918036538604
42320 0.72853347322
42320 1.0
42320 1.0
42320 1.0
42320 1.0
42320 1.0
42320 1.0
42320 1.0
42320 1.0
42320 1.0
42320 1.0
43240 0.718273601935
43240 1.0
43240 1.0
43240 1.0
43240 1.0
43240 1.0
43240 1.0
43240 1.0
43240 0.928129935477
43240 0.93270703116
43240 0.93656224541
44160 0.725616661545
44160 1.0
44160 1.0
44160 1.0
44160 1.0
44160 1.0
44160 1.0
44160 1.0
44160 1.0
44160 1.0
44160 1.0
45080 0.719661050057
45080 1.0
45080 1.0
45080 1.0
45080 1.0
45080 1.0
45080 1.0
45080 1.0
45080 1.0
45080 1.0
45080 0.942709999032
46000 0.720311702821
46000 1.0
46000 1.0
46000 1.0
46000 1.0
46000 1.0
46000 1.0
46000 0.917250917542
46000 0.923198099438
46000 0.928089282572
46000 0.932209047643
46920 0.730021839336
46920 1.0
46920 1.0
46920 1.0
46920 1.0
46920 1.0
46920 1.0
46920 1.0
46920 1.0
46920 1.0
46920 1.0
47840 0.728041989226
47840 1.0
47840 1.0
47840 1.0
47840 1.0
47840 1.0
47840 1.0
47840 1.0
47840 1.0
47840 1.0
47840 0.942709999032
48760 0.729025994925
48760 1.0
48760 1.0
48760 1.0
48760 1.0
48760 1.0
48760 1.0
48760 1.0
48760 1.0
48760 1.0
48760 1.0
49680 0.717234279472
49680 1.0
49680 1.0
49680 1.0
49680 0.84030302838
49680 0.859613905567
49680 0.873368322947
49680 0.883846978033
49680 0.892194903216
49680 0.89906054674
49680 0.847553367147
50600 0.726414790042
50600 1.0
50600 1.0
50600 1.0
50600 1.0
50600 1.0
50600 1.0
50600 1.0
50600 1.0
50600 0.936314295629
50600 0.939962849694
51520 0.729693443053
51520 1.0
51520 1.0
51520 1.0
51520 1.0
51520 1.0
51520 1.0
51520 1.0
51520 1.0
51520 0.936314295629
51520 0.939962849694
52440 0.721572128477
52440 1.0
52440 1.0
52440 1.0
52440 1.0
52440 1.0
52440 1.0
52440 1.0
52440 0.928129935477
52440 0.93270703116
52440 0.93656224541
53360 0.726776659134
53360 1.0
53360 1.0
53360 1.0
53360 1.0
53360 1.0
53360 1.0
53360 1.0
53360 1.0
53360 1.0
53360 1.0
54280 0.719084064806
54280 1.0
54280 1.0
54280 1.0
54280 1.0
54280 1.0
54280 1.0
54280 0.917250917542
54280 0.923198099438
54280 0.928089282572
54280 0.932209047643
55200 0.727814316235
55200 1.0
55200 1.0
55200 1.0
55200 1.0
55200 1.0
55200 1.0
55200 1.0
55200 1.0
55200 0.936314295629
55200 0.939962849694
56120 0.726687443455
56120 1.0
56120 1.0
56120 1.0
56120 1.0
56120 1.0
56120 1.0
56120 1.0
56120 1.0
56120 1.0
56120 1.0
57040 0.732429113373
57040 1.0
57040 1.0
57040 1.0
57040 1.0
57040 1.0
57040 1.0
57040 1.0
57040 1.0
57040 1.0
57040 1.0
57960 0.728603981226
57960 1.0
57960 1.0
57960 1.0
57960 1.0
57960 1.0
57960 1.0
57960 1.0
57960 1.0
57960 1.0
57960 1.0
58880 0.721667812061
58880 1.0
58880 1.0
58880 1.0
58880 1.0
58880 1.0
58880 1.0
58880 0.917250917542
58880 0.923198099438
58880 0.928089282572
58880 0.932209047643
59800 0.726281317437
59800 1.0
59800 1.0
59800 1.0
59800 1.0
59800 1.0
59800 1.0
59800 1.0
59800 0.928129935477
59800 0.93270703116
59800 0.93656224541
60720 0.725580625835
60720 1.0
60720 1.0
60720 1.0
60720 1.0
60720 1.0
60720 1.0
60720 1.0
60720 1.0
60720 1.0
60720 0.942709999032
61640 0.72197657143
61640 1.0
61640 1.0
61640 1.0
61640 1.0
61640 1.0
61640 1.0
61640 0.917250917542
61640 0.923198099438
61640 0.928089282572
61640 0.932209047643
62560 0.728181944353
62560 1.0
62560 1.0
62560 1.0
62560 1.0
62560 1.0
62560 1.0
62560 1.0
62560 1.0
62560 1.0
62560 1.0
63480 0.718882891145
63480 1.0
63480 1.0
63480 1.0
63480 1.0
63480 1.0
63480 1.0
63480 0.917250917542
63480 0.923198099438
63480 0.928089282572
63480 0.932209047643
64400 0.724823205402
64400 1.0
64400 1.0
64400 1.0
64400 1.0
64400 1.0
64400 0.902024360494
64400 0.910131754767
64400 0.91659059135
64400 0.921902578291
64400 0.926376779656
65320 0.726261570485
65320 1.0
65320 1.0
65320 1.0
65320 1.0
65320 1.0
65320 1.0
65320 1.0
65320 1.0
65320 1.0
65320 1.0
66240 0.730764051993
66240 1.0
66240 1.0
66240 1.0
66240 1.0
66240 1.0
66240 1.0
66240 1.0
66240 1.0
66240 1.0
66240 0.942709999032
67160 0.728419212186
67160 1.0
67160 1.0
67160 1.0
67160 1.0
67160 1.0
67160 1.0
67160 1.0
67160 1.0
67160 1.0
67160 1.0
68080 0.722720870683
68080 1.0
68080 1.0
68080 1.0
68080 1.0
68080 0.879078000096
68080 0.890925410367
68080 0.899951232579
68080 0.835271679426
68080 0.845762518552
68080 0.854598784013
69000 0.72872603085
69000 1.0
69000 1.0
69000 1.0
69000 1.0
69000 1.0
69000 0.902024360494
69000 0.910131754767
69000 0.91659059135
69000 0.921902578291
69000 0.926376779656
69920 0.72967611592
69920 1.0
69920 1.0
69920 1.0
69920 1.0
69920 1.0
69920 1.0
69920 1.0
69920 1.0
69920 1.0
69920 1.0
70840 0.727523686331
70840 1.0
70840 1.0
70840 1.0
70840 1.0
70840 1.0
70840 1.0
70840 1.0
70840 1.0
70840 1.0
70840 0.942709999032
71760 0.728577691426
71760 1.0
71760 1.0
71760 1.0
71760 1.0
71760 1.0
71760 1.0
71760 1.0
71760 1.0
71760 1.0
71760 1.0
72680 0.723705784127
72680 1.0
72680 1.0
72680 1.0
72680 1.0
72680 1.0
72680 1.0
72680 0.917250917542
72680 0.923198099438
72680 0.928089282572
72680 0.932209047643
73600 0.728459100699
73600 1.0
73600 1.0
73600 1.0
73600 1.0
73600 1.0
73600 1.0
73600 1.0
73600 1.0
73600 0.936314295629
73600 0.939962849694
74520 0.729386724885
74520 1.0
74520 1.0
74520 1.0
74520 1.0
74520 1.0
74520 1.0
74520 1.0
74520 1.0
74520 1.0
74520 1.0
75440 0.727996314951
75440 1.0
75440 1.0
75440 1.0
75440 1.0
75440 1.0
75440 1.0
75440 1.0
75440 1.0
75440 1.0
75440 1.0
76360 0.727857327193
76360 1.0
76360 1.0
76360 1.0
76360 1.0
76360 1.0
76360 1.0
76360 1.0
76360 1.0
76360 1.0
76360 1.0
77280 0.72546318069
77280 1.0
77280 1.0
77280 1.0
77280 1.0
77280 0.879078000096
77280 0.890925410367
77280 0.899951232579
77280 0.907141743949
77280 0.913055487392
77280 0.918036538604
78200 0.728537648525
78200 1.0
78200 1.0
78200 1.0
78200 1.0
78200 1.0
78200 0.902024360494
78200 0.910131754767
78200 0.91659059135
78200 0.921902578291
78200 0.926376779656
79120 0.734383751658
79120 1.0
79120 1.0
79120 1.0
79120 1.0
79120 1.0
79120 1.0
79120 1.0
79120 1.0
79120 1.0
79120 1.0
80040 0.728865863112
80040 1.0
80040 1.0
80040 1.0
80040 1.0
80040 1.0
80040 1.0
80040 1.0
80040 1.0
80040 1.0
80040 1.0
80960 0.729100487702
80960 1.0
80960 1.0
80960 1.0
80960 1.0
80960 1.0
80960 1.0
80960 1.0
80960 1.0
80960 1.0
80960 1.0
81880 0.72570547345
81880 1.0
81880 1.0
81880 1.0
81880 1.0
81880 1.0
81880 1.0
81880 1.0
81880 0.928129935477
81880 0.93270703116
81880 0.93656224541
82800 0.728430291319
82800 1.0
82800 1.0
82800 1.0
82800 1.0
82800 1.0
82800 0.902024360494
82800 0.910131754767
82800 0.91659059135
82800 0.921902578291
82800 0.926376779656
83720 0.733997502242
83720 1.0
83720 1.0
83720 1.0
83720 1.0
83720 1.0
83720 1.0
83720 1.0
83720 1.0
83720 1.0
83720 1.0
84640 0.728315431945
84640 1.0
84640 1.0
84640 1.0
84640 1.0
84640 1.0
84640 1.0
84640 1.0
84640 1.0
84640 1.0
84640 0.942709999032
85560 0.726090650417
85560 1.0
85560 1.0
85560 1.0
85560 1.0
85560 1.0
85560 1.0
85560 1.0
85560 1.0
85560 1.0
85560 1.0
86480 0.72988003235
86480 1.0
86480 1.0
86480 1.0
86480 1.0
86480 1.0
86480 1.0
86480 0.917250917542
86480 0.923198099438
86480 0.928089282572
86480 0.932209047643
87400 0.730290337975
87400 1.0
87400 1.0
87400 1.0
87400 1.0
87400 1.0
87400 0.902024360494
87400 0.910131754767
87400 0.91659059135
87400 0.921902578291
87400 0.926376779656
88320 0.729197666761
88320 1.0
88320 1.0
88320 1.0
88320 1.0
88320 1.0
88320 1.0
88320 1.0
88320 1.0
88320 1.0
88320 0.942709999032
89240 0.724564725716
89240 1.0
89240 1.0
89240 1.0
89240 1.0
89240 1.0
89240 1.0
89240 1.0
89240 1.0
89240 1.0
89240 1.0
90160 0.728237737809
90160 1.0
90160 1.0
90160 1.0
90160 1.0
90160 1.0
90160 1.0
90160 1.0
90160 1.0
90160 1.0
90160 1.0
91080 0.725981838521
91080 1.0
91080 1.0
91080 1.0
91080 1.0
91080 1.0
91080 1.0
91080 1.0
91080 1.0
91080 1.0
91080 0.942709999032
92000 0.727904542257
92000 1.0
92000 1.0
92000 1.0
92000 1.0
92000 1.0
92000 0.902024360494
92000 0.910131754767
92000 0.91659059135
92000 0.921902578291
92000 0.926376779656
92920 0.732089601965
92920 1.0
92920 1.0
92920 1.0
92920 1.0
92920 1.0
92920 1.0
92920 1.0
92920 1.0
92920 1.0
92920 1.0
93840 0.730456340749
93840 1.0
93840 1.0
93840 1.0
93840 1.0
93840 1.0
93840 1.0
93840 1.0
93840 0.928129935477
93840 0.93270703116
93840 0.93656224541
94760 0.732193712528
94760 1.0
94760 1.0
94760 1.0
94760 1.0
94760 1.0
94760 1.0
94760 1.0
94760 1.0
94760 1.0
94760 0.942709999032
95680 0.728662604891
95680 1.0
95680 1.0
95680 1.0
95680 1.0
95680 1.0
95680 0.902024360494
95680 0.910131754767
95680 0.91659059135
95680 0.921902578291
95680 0.926376779656
96600 0.730391710499
96600 1.0
96600 1.0
96600 1.0
96600 1.0
96600 1.0
96600 1.0
96600 1.0
96600 1.0
96600 1.0
96600 1.0
97520 0.72972343134
97520 1.0
97520 1.0
97520 1.0
97520 1.0
97520 1.0
97520 1.0
97520 1.0
97520 1.0
97520 1.0
97520 1.0
98440 0.725090389664
98440 1.0
98440 1.0
98440 1.0
98440 1.0
98440 1.0
98440 1.0
98440 1.0
98440 1.0
98440 1.0
98440 1.0
99360 0.730179494044
99360 1.0
99360 1.0
99360 1.0
99360 1.0
99360 1.0
99360 1.0
99360 1.0
99360 1.0
99360 1.0
99360 1.0
100280 0.724526553998
100280 1.0
100280 1.0
100280 1.0
100280 1.0
100280 1.0
100280 0.902024360494
100280 0.910131754767
100280 0.91659059135
100280 0.921902578291
100280 0.926376779656
101200 0.734702994372
101200 1.0
101200 1.0
101200 1.0
101200 1.0
101200 0.879078000096
101200 0.890925410367
101200 0.899951232579
101200 0.907141743949
101200 0.913055487392
101200 0.918036538604
102120 0.731903401789
102120 1.0
102120 1.0
102120 1.0
102120 1.0
102120 1.0
102120 1.0
102120 1.0
102120 1.0
102120 1.0
102120 1.0
103040 0.731282845276
103040 1.0
103040 1.0
103040 1.0
103040 1.0
103040 1.0
103040 1.0
103040 1.0
103040 1.0
103040 1.0
103040 0.942709999032
103960 0.735422229975
103960 1.0
103960 1.0
103960 1.0
103960 1.0
103960 1.0
103960 1.0
103960 1.0
103960 0.928129935477
103960 0.93270703116
103960 0.93656224541
104880 0.728613049926
104880 1.0
104880 1.0
104880 1.0
104880 1.0
104880 1.0
104880 0.902024360494
104880 0.910131754767
104880 0.91659059135
104880 0.921902578291
104880 0.926376779656
105800 0.728697321521
105800 1.0
105800 1.0
105800 1.0
105800 1.0
105800 1.0
105800 0.902024360494
105800 0.910131754767
105800 0.91659059135
105800 0.921902578291
105800 0.926376779656
106720 0.729667534244
106720 1.0
106720 1.0
106720 1.0
106720 1.0
106720 1.0
106720 1.0
106720 1.0
106720 1.0
106720 1.0
106720 1.0
107640 0.726526548276
107640 1.0
107640 1.0
107640 1.0
107640 1.0
107640 1.0
107640 1.0
107640 1.0
107640 1.0
107640 1.0
107640 1.0
108560 0.731880065602
108560 1.0
108560 1.0
108560 1.0
108560 1.0
108560 1.0
108560 1.0
108560 1.0
108560 1.0
108560 1.0
108560 1.0
109480 0.72395242762
109480 1.0
109480 1.0
109480 1.0
109480 1.0
109480 0.879078000096
109480 0.890925410367
109480 0.899951232579
109480 0.907141743949
109480 0.913055487392
109480 0.918036538604
110400 0.730992431938
110400 1.0
110400 1.0
110400 1.0
110400 1.0
110400 0.879078000096
110400 0.890925410367
110400 0.899951232579
110400 0.907141743949
110400 0.913055487392
110400 0.918036538604
111320 0.732213796204
111320 1.0
111320 1.0
111320 1.0
111320 1.0
111320 1.0
111320 1.0
111320 1.0
111320 1.0
111320 1.0
111320 1.0
112240 0.731061907482
112240 1.0
112240 1.0
112240 1.0
112240 1.0
112240 1.0
112240 1.0
112240 1.0
112240 1.0
112240 1.0
112240 1.0
113160 0.732432221066
113160 1.0
113160 1.0
113160 1.0
113160 1.0
113160 1.0
113160 1.0
113160 1.0
113160 1.0
113160 1.0
113160 0.942709999032
114080 0.726273831263
114080 1.0
114080 1.0
114080 1.0
114080 1.0
114080 1.0
114080 1.0
114080 1.0
114080 0.928129935477
114080 0.869021326789
114080 0.876525095104
115000 0.730076999243
115000 1.0
115000 1.0
115000 1.0
115000 1.0
115000 1.0
115000 1.0
115000 1.0
115000 0.928129935477
115000 0.93270703116
115000 0.93656224541
115920 0.728745083194
115920 1.0
115920 1.0
115920 1.0
115920 1.0
115920 1.0
115920 1.0
115920 1.0
115920 1.0
115920 1.0
115920 1.0
116840 0.72357668781
116840 1.0
116840 1.0
116840 1.0
116840 1.0
116840 1.0
116840 1.0
116840 1.0
116840 1.0
116840 1.0
116840 1.0
117760 0.728633916165
117760 1.0
117760 1.0
117760 1.0
117760 1.0
117760 1.0
117760 1.0
117760 1.0
117760 1.0
117760 1.0
117760 1.0
118680 0.725797184044
118680 1.0
118680 1.0
118680 1.0
118680 1.0
118680 1.0
118680 0.902024360494
118680 0.910131754767
118680 0.91659059135
118680 0.921902578291
118680 0.869086778689
119600 0.734355149984
119600 1.0
119600 1.0
119600 1.0
119600 1.0
119600 0.879078000096
119600 0.890925410367
119600 0.899951232579
119600 0.907141743949
119600 0.913055487392
119600 0.918036538604
120520 0.734189463303
120520 1.0
120520 1.0
120520 1.0
120520 1.0
120520 1.0
120520 1.0
120520 1.0
120520 1.0
120520 1.0
120520 1.0
121440 0.726197897881
121440 1.0
121440 1.0
121440 1.0
121440 1.0
121440 1.0
121440 1.0
121440 1.0
121440 1.0
121440 1.0
121440 1.0
122360 0.727608258188
122360 1.0
122360 1.0
122360 1.0
122360 1.0
122360 1.0
122360 1.0
122360 1.0
122360 1.0
122360 0.936314295629
122360 0.939962849694
123280 0.726766046926
123280 1.0
123280 1.0
123280 1.0
123280 1.0
123280 1.0
123280 1.0
123280 0.917250917542
123280 0.923198099438
123280 0.928089282572
123280 0.932209047643
124200 0.734750703535
124200 1.0
124200 1.0
124200 1.0
124200 1.0
124200 1.0
124200 1.0
124200 1.0
124200 1.0
124200 1.0
124200 1.0
125120 0.733717307636
125120 1.0
125120 1.0
125120 1.0
125120 1.0
125120 1.0
125120 1.0
125120 1.0
125120 1.0
125120 1.0
125120 1.0
126040 0.725041863925
126040 1.0
126040 1.0
126040 1.0
126040 1.0
126040 1.0
126040 1.0
126040 1.0
126040 1.0
126040 1.0
126040 1.0
126960 0.726430870151
126960 1.0
126960 1.0
126960 1.0
126960 1.0
126960 1.0
126960 1.0
126960 1.0
126960 1.0
126960 1.0
126960 1.0
127880 0.721676455601
127880 1.0
127880 1.0
127880 1.0
127880 1.0
127880 1.0
127880 1.0
127880 1.0
127880 1.0
127880 0.936314295629
127880 0.939962849694
128800 0.729425811298
128800 1.0
128800 1.0
128800 1.0
128800 1.0
128800 1.0
128800 1.0
128800 1.0
128800 0.928129935477
128800 0.93270703116
128800 0.93656224541
129720 0.725339919221
129720 1.0
129720 1.0
129720 1.0
129720 1.0
129720 1.0
129720 1.0
129720 1.0
129720 1.0
129720 1.0
129720 1.0
130640 0.731045355047
130640 1.0
130640 1.0
130640 1.0
130640 1.0
130640 1.0
130640 1.0
130640 0.917250917542
130640 0.923198099438
130640 0.928089282572
130640 0.932209047643
131560 0.728305105765
131560 1.0
131560 1.0
131560 1.0
131560 1.0
131560 1.0
131560 1.0
131560 1.0
131560 1.0
131560 1.0
131560 1.0
132480 0.724536985249
132480 1.0
132480 1.0
132480 1.0
132480 1.0
132480 1.0
132480 0.902024360494
132480 0.910131754767
132480 0.91659059135
132480 0.85821687392
132480 0.86633962935
133400 0.731550929371
133400 1.0
133400 1.0
133400 1.0
133400 1.0
133400 1.0
133400 1.0
133400 1.0
133400 1.0
133400 1.0
133400 1.0
134320 0.730084552811
134320 1.0
134320 1.0
134320 1.0
134320 1.0
134320 1.0
134320 1.0
134320 1.0
134320 1.0
134320 1.0
134320 1.0
135240 0.723655273901
135240 1.0
135240 1.0
135240 1.0
135240 1.0
135240 1.0
135240 1.0
135240 1.0
135240 1.0
135240 1.0
135240 1.0
136160 0.727355146239
136160 1.0
136160 1.0
136160 1.0
136160 1.0
136160 1.0
136160 1.0
136160 1.0
136160 1.0
136160 1.0
136160 1.0
137080 0.722144673272
137080 1.0
137080 1.0
137080 1.0
137080 1.0
137080 1.0
137080 1.0
137080 1.0
137080 1.0
137080 1.0
137080 1.0
137706 0.725703167793
137706 1.0
137706 1.0
137706 1.0
137706 1.0
137706 0.879078000096
137706 0.890925410367
137706 0.899951232579
137706 0.907141743949
137706 0.913055487392
137706 0.918036538604
