0 136 87 21 196
5 154 74 29 184
10 137 89 23 185
15 159 67 31 179
20 129 99 12 184
25 170 56 33 168
30 149 74 23 170
35 160 59 32 166
40 165 62 25 161
45 172 52 30 159
50 159 61 27 164
55 160 64 27 154
60 181 45 37 153
65 143 80 14 170
70 182 41 34 155
75 165 58 23 162
80 174 51 29 156
85 166 60 20 162
90 185 39 36 156
95 165 62 22 158
100 176 49 30 147
105 180 44 31 153
110 167 52 26 166
115 182 43 34 149
120 187 38 35 142
125 182 37 37 145
130 170 55 30 150
135 183 43 32 148
140 176 47 26 147
145 180 43 28 145
150 183 41 32 147
154 169 55 21 156
