0 0.588756434582
5 0.635984670992
10 0.594707898175
15 0.684099602777
20 0.55015449984
25 0.713922489866
30 0.637828679367
35 0.711581115709
40 0.686283035659
45 0.708331605619
50 0.694442541182
55 0.680537311292
60 0.782891750624
65 0.607520347739
70 0.773417861238
75 0.717763752961
80 0.743848618728
85 0.699785346992
90 0.804115101828
95 0.696446190102
100 0.746414284735
105 0.752901845514
110 0.72240892867
115 0.781840976042
120 0.787170162705
125 0.792723847157
130 0.738084078504
135 0.780354273934
140 0.731955341947
145 0.755337607961
150 0.790133444272
154 0.710345451266
