0 0.802807223797
5 0.80358864069
10 0.806041574478
15 0.810166394711
20 0.814191389084
25 0.816881680489
30 0.765915324291
35 0.767378807068
40 0.769554257393
45 0.769184887409
50 0.822979545593
55 0.823628914356
60 0.825350093842
65 0.772522926331
70 0.827357304096
75 0.828146624565
80 0.828705692291
85 0.830518949032
90 0.830470955372
95 0.830180263519
100 0.830481863022
105 0.832141160965
110 0.833376336098
115 0.833421468735
120 0.833563601971
125 0.835140168667
130 0.837149870396
135 0.836735439301
140 0.836134588718
145 0.836360025406
150 0.838028204441
155 0.838044369221
160 0.837480139732
165 0.837811672688
170 0.839170539379
175 0.840527796745
180 0.840158033371
185 0.840300214291
190 0.841454589367
195 0.843418502808
200 0.843496310711
205 0.843372893333
210 0.843089699745
215 0.844177353382
220 0.843740475178
225 0.84321616888
230 0.843252801895
235 0.843290126324
240 0.845003855228
