0 0.255521225507
5 0.25490011889
10 0.243818237138
15 0.265462049881
20 0.200076213991
25 0.228470806843
30 0.202226130556
35 0.236395923231
40 0.201640754833
45 0.187455132317
50 0.214944943893
55 0.193723525612
60 0.232183177066
65 0.192595811147
70 0.216497241179
75 0.22860186372
80 0.232122836434
85 0.20650260443
90 0.21726374672
95 0.19966852873
100 0.211627822883
105 0.161036715091
110 0.169361493246
115 0.186679762268
120 0.170489303222
125 0.167678482547
130 0.193967743921
135 0.171941685859
140 0.137783622421
145 0.147170722452
150 0.165916422223
154 0.16862615758
