0 0.784816993908
5 0.785197049379
10 0.783629677512
15 0.779702193358
20 0.775512845679
25 0.77343757857
30 0.771810813384
35 0.770803761753
40 0.768701241775
45 0.768518529155
50 0.770005105571
55 0.771038394083
60 0.770773841576
65 0.769470775669
70 0.769069781358
75 0.768920341676
80 0.769699116999
85 0.768525096503
90 0.768841987306
95 0.770157712427
100 0.771548604423
105 0.770669640465
110 0.771267382936
115 0.7718344683
120 0.771741682833
125 0.770558924838
130 0.768406565894
135 0.769057440487
140 0.769683160565
145 0.770756115968
150 0.769917023453
155 0.770657952536
160 0.771677034822
165 0.772173063322
170 0.771273533052
175 0.769448655573
180 0.76919790696
185 0.768344004046
190 0.768245302818
195 0.766332233494
200 0.766457671469
205 0.767694996162
210 0.768396964127
215 0.767469231378
220 0.768028542399
225 0.769109705632
230 0.770076442849
235 0.771134307439
240 0.769311424006
245 0.768667810343
250 0.768270997839
255 0.767353254286
260 0.764901436188
265 0.763668694279
270 0.764520693909
275 0.764892030846
280 0.765081476082
285 0.76294810799
290 0.762970252471
295 0.739695085585
300 0.740924786031
305 0.740725708008
310 0.741407123208
315 0.742500136793
320 0.742393241823
325 0.740578648448
330 0.739586991072
