0 0.249829739332
5 0.249594077468
10 0.245389208198
15 0.238878712058
20 0.231772169471
25 0.227699697018
30 0.223433807492
35 0.220032855868
40 0.215340554714
45 0.215032294393
50 0.217626273632
55 0.220517963171
60 0.221719950438
65 0.220537319779
70 0.220718845725
75 0.220585793257
80 0.221160441637
85 0.218852862716
90 0.218747913837
95 0.219962820411
100 0.221158131957
105 0.218546569347
110 0.216445207596
115 0.214290753007
120 0.213560342789
125 0.212300539017
130 0.207722812891
135 0.207076981664
140 0.207648441195
145 0.208890646696
150 0.206520736217
155 0.205438137054
160 0.205749452114
165 0.2056607306
170 0.204672664404
175 0.202329218388
180 0.202111288905
185 0.201612174511
190 0.201369792223
195 0.19866117835
200 0.197226658463
205 0.196457475424
210 0.196462213993
215 0.194306090474
220 0.193320512772
225 0.193812102079
230 0.194614067674
235 0.196459621191
240 0.194655567408
245 0.195065721869
250 0.194096103311
255 0.19280987978
260 0.189982354641
265 0.18939858675
270 0.189943626523
275 0.190423116088
280 0.189663335681
285 0.187418520451
290 0.188577443361
295 0.189854115248
300 0.190903678536
305 0.188747063279
310 0.187513589859
315 0.188077539206
320 0.18936355412
325 0.187435790896
330 0.185906946659
