0 0.798590756953
5 0.798450239003
10 0.795612245798
15 0.791255868971
20 0.78658978641
25 0.784071236849
30 0.781427018344
35 0.779175981879
40 0.776017777622
45 0.776510581374
50 0.779061667621
55 0.781661137938
60 0.783070363104
65 0.782855860889
70 0.783490598202
75 0.783863827586
80 0.78472686559
85 0.783505521715
90 0.78409601748
95 0.785526953638
100 0.786834008992
105 0.785181522369
110 0.78416402638
115 0.782942816615
120 0.782781250775
125 0.78232678026
130 0.77936296165
135 0.779522962868
140 0.780458375812
145 0.781963899732
150 0.780682340264
155 0.780606709421
160 0.781463064253
165 0.781842581928
170 0.781542703509
175 0.780156672001
180 0.780457094312
185 0.780532196164
190 0.780756048858
195 0.778995223343
200 0.778345815837
205 0.778047867119
210 0.778371065855
215 0.776937536895
220 0.776723697782
225 0.777610085905
230 0.778776504099
235 0.780903629959
240 0.779835917056
245 0.780701003969
250 0.780139431357
255 0.779283329844
260 0.777173496783
265 0.777233451605
270 0.778038591146
275 0.778684183955
280 0.778350040317
285 0.776867583394
290 0.778427034616
295 0.78004167974
300 0.781290531158
305 0.779703058302
310 0.779058180749
315 0.779597841203
320 0.780861452222
325 0.779394946992
330 0.778456397355
