0 0.504179245892
0 0.0
0 0.0
0 0.239812466568
0 0.36121211352
0 0.438455622268
0 0.493473291787
0 0.535387912132
0 0.496909548342
0 0.528949218119
0 0.589720824473
5 0.504179245892
5 0.0
5 0.0
5 0.239812466568
5 0.36121211352
5 0.438455622268
5 0.493473291787
5 0.535387912132
5 0.496909548342
5 0.528949218119
5 0.589720824473
10 0.504179245892
10 0.0
10 0.0
10 0.239812466568
10 0.36121211352
10 0.438455622268
10 0.493473291787
10 0.535387912132
10 0.496909548342
10 0.528949218119
10 0.589720824473
15 0.504179245892
15 0.0
15 0.0
15 0.239812466568
15 0.36121211352
15 0.438455622268
15 0.493473291787
15 0.535387912132
15 0.496909548342
15 0.528949218119
15 0.589720824473
20 0.504179245892
20 0.0
20 0.0
20 0.239812466568
20 0.36121211352
20 0.438455622268
20 0.493473291787
20 0.535387912132
20 0.496909548342
20 0.528949218119
20 0.589720824473
25 0.504179245892
25 0.0
25 0.0
25 0.239812466568
25 0.36121211352
25 0.438455622268
25 0.493473291787
25 0.535387912132
25 0.496909548342
25 0.528949218119
25 0.589720824473
30 0.504179245892
30 0.0
30 0.0
30 0.239812466568
30 0.36121211352
30 0.438455622268
30 0.493473291787
30 0.535387912132
30 0.496909548342
30 0.528949218119
30 0.589720824473
35 0.504179245892
35 0.0
35 0.0
35 0.239812466568
35 0.36121211352
35 0.438455622268
35 0.493473291787
35 0.535387912132
35 0.496909548342
35 0.528949218119
35 0.589720824473
40 0.504179245892
40 0.0
40 0.0
40 0.239812466568
40 0.36121211352
40 0.438455622268
40 0.493473291787
40 0.535387912132
40 0.496909548342
40 0.528949218119
40 0.589720824473
45 0.504179245892
45 0.0
45 0.0
45 0.239812466568
45 0.36121211352
45 0.438455622268
45 0.493473291787
45 0.535387912132
45 0.496909548342
45 0.528949218119
45 0.589720824473
50 0.504179245892
50 0.0
50 0.0
50 0.239812466568
50 0.36121211352
50 0.438455622268
50 0.493473291787
50 0.535387912132
50 0.496909548342
50 0.528949218119
50 0.589720824473
55 0.504179245892
55 0.0
55 0.0
55 0.239812466568
55 0.36121211352
55 0.438455622268
55 0.493473291787
55 0.535387912132
55 0.496909548342
55 0.528949218119
55 0.589720824473
60 0.504179245892
60 0.0
60 0.0
60 0.239812466568
60 0.36121211352
60 0.438455622268
60 0.493473291787
60 0.535387912132
60 0.496909548342
60 0.528949218119
60 0.589720824473
65 0.504179245892
65 0.0
65 0.0
65 0.239812466568
65 0.36121211352
65 0.438455622268
65 0.493473291787
65 0.535387912132
65 0.496909548342
65 0.528949218119
65 0.589720824473
70 0.504179245892
70 0.0
70 0.0
70 0.239812466568
70 0.36121211352
70 0.438455622268
70 0.493473291787
70 0.535387912132
70 0.496909548342
70 0.528949218119
70 0.589720824473
75 0.504179245892
75 0.0
75 0.0
75 0.239812466568
75 0.36121211352
75 0.438455622268
75 0.493473291787
75 0.535387912132
75 0.496909548342
75 0.528949218119
75 0.589720824473
80 0.504179245892
80 0.0
80 0.0
80 0.239812466568
80 0.36121211352
80 0.438455622268
80 0.493473291787
80 0.535387912132
80 0.496909548342
80 0.528949218119
80 0.589720824473
85 0.504179245892
85 0.0
85 0.0
85 0.239812466568
85 0.36121211352
85 0.438455622268
85 0.493473291787
85 0.535387912132
85 0.496909548342
85 0.528949218119
85 0.589720824473
90 0.504179245892
90 0.0
90 0.0
90 0.239812466568
90 0.36121211352
90 0.438455622268
90 0.493473291787
90 0.535387912132
90 0.496909548342
90 0.528949218119
90 0.589720824473
95 0.504179245892
95 0.0
95 0.0
95 0.239812466568
95 0.36121211352
95 0.438455622268
95 0.493473291787
95 0.535387912132
95 0.496909548342
95 0.528949218119
95 0.589720824473
100 0.504179245892
100 0.0
100 0.0
100 0.239812466568
100 0.36121211352
100 0.438455622268
100 0.493473291787
100 0.535387912132
100 0.496909548342
100 0.528949218119
100 0.589720824473
105 0.504179245892
105 0.0
105 0.0
105 0.239812466568
105 0.36121211352
105 0.438455622268
105 0.493473291787
105 0.535387912132
105 0.496909548342
105 0.528949218119
105 0.589720824473
110 0.504179245892
110 0.0
110 0.0
110 0.239812466568
110 0.36121211352
110 0.438455622268
110 0.493473291787
110 0.535387912132
110 0.496909548342
110 0.528949218119
110 0.589720824473
115 0.504179245892
115 0.0
115 0.0
115 0.239812466568
115 0.36121211352
115 0.438455622268
115 0.493473291787
115 0.535387912132
115 0.496909548342
115 0.528949218119
115 0.589720824473
120 0.504179245892
120 0.0
120 0.0
120 0.239812466568
120 0.36121211352
120 0.438455622268
120 0.493473291787
120 0.535387912132
120 0.496909548342
120 0.528949218119
120 0.589720824473
125 0.504179245892
125 0.0
125 0.0
125 0.239812466568
125 0.36121211352
125 0.438455622268
125 0.493473291787
125 0.535387912132
125 0.496909548342
125 0.528949218119
125 0.589720824473
130 0.504179245892
130 0.0
130 0.0
130 0.239812466568
130 0.36121211352
130 0.438455622268
130 0.493473291787
130 0.535387912132
130 0.496909548342
130 0.528949218119
130 0.589720824473
135 0.504179245892
135 0.0
135 0.0
135 0.239812466568
135 0.36121211352
135 0.438455622268
135 0.493473291787
135 0.535387912132
135 0.496909548342
135 0.528949218119
135 0.589720824473
140 0.504179245892
140 0.0
140 0.0
140 0.239812466568
140 0.36121211352
140 0.438455622268
140 0.493473291787
140 0.535387912132
140 0.496909548342
140 0.528949218119
140 0.589720824473
145 0.504179245892
145 0.0
145 0.0
145 0.239812466568
145 0.36121211352
145 0.438455622268
145 0.493473291787
145 0.535387912132
145 0.496909548342
145 0.528949218119
145 0.589720824473
150 0.504179245892
150 0.0
150 0.0
150 0.239812466568
150 0.36121211352
150 0.438455622268
150 0.493473291787
150 0.535387912132
150 0.496909548342
150 0.528949218119
150 0.589720824473
155 0.504179245892
155 0.0
155 0.0
155 0.239812466568
155 0.36121211352
155 0.438455622268
155 0.493473291787
155 0.535387912132
155 0.496909548342
155 0.528949218119
155 0.589720824473
160 0.504179245892
160 0.0
160 0.0
160 0.239812466568
160 0.36121211352
160 0.438455622268
160 0.493473291787
160 0.535387912132
160 0.496909548342
160 0.528949218119
160 0.589720824473
165 0.504179245892
165 0.0
165 0.0
165 0.239812466568
165 0.36121211352
165 0.438455622268
165 0.493473291787
165 0.535387912132
165 0.496909548342
165 0.528949218119
165 0.589720824473
170 0.504179245892
170 0.0
170 0.0
170 0.239812466568
170 0.36121211352
170 0.438455622268
170 0.493473291787
170 0.535387912132
170 0.496909548342
170 0.528949218119
170 0.589720824473
175 0.504179245892
175 0.0
175 0.0
175 0.239812466568
175 0.36121211352
175 0.438455622268
175 0.493473291787
175 0.535387912132
175 0.496909548342
175 0.528949218119
175 0.589720824473
180 0.504179245892
180 0.0
180 0.0
180 0.239812466568
180 0.36121211352
180 0.438455622268
180 0.493473291787
180 0.535387912132
180 0.496909548342
180 0.528949218119
180 0.589720824473
185 0.504179245892
185 0.0
185 0.0
185 0.239812466568
185 0.36121211352
185 0.438455622268
185 0.493473291787
185 0.535387912132
185 0.496909548342
185 0.528949218119
185 0.589720824473
190 0.504179245892
190 0.0
190 0.0
190 0.239812466568
190 0.36121211352
190 0.438455622268
190 0.493473291787
190 0.535387912132
190 0.496909548342
190 0.528949218119
190 0.589720824473
195 0.504179245892
195 0.0
195 0.0
195 0.239812466568
195 0.36121211352
195 0.438455622268
195 0.493473291787
195 0.535387912132
195 0.496909548342
195 0.528949218119
195 0.589720824473
200 0.504179245892
200 0.0
200 0.0
200 0.239812466568
200 0.36121211352
200 0.438455622268
200 0.493473291787
200 0.535387912132
200 0.496909548342
200 0.528949218119
200 0.589720824473
205 0.500142587533
205 0.0
205 0.0
205 0.239812466568
205 0.36121211352
205 0.438455622268
205 0.493473291787
205 0.535387912132
205 0.496909548342
205 0.528949218119
205 0.589720824473
210 0.695028773652
210 0.0
210 0.5
210 0.619906233284
210 0.68060605676
210 0.719227811134
210 0.746736645893
210 0.684944873608
210 0.70758790587
210 0.726210376051
210 0.726210376051
215 0.695028773652
215 0.0
215 0.5
215 0.619906233284
215 0.68060605676
215 0.719227811134
215 0.746736645893
215 0.684944873608
215 0.70758790587
215 0.726210376051
215 0.726210376051
220 0.695028773652
220 0.0
220 0.5
220 0.619906233284
220 0.68060605676
220 0.719227811134
220 0.746736645893
220 0.684944873608
220 0.70758790587
220 0.726210376051
220 0.726210376051
225 0.695028773652
225 0.0
225 0.5
225 0.619906233284
225 0.68060605676
225 0.719227811134
225 0.746736645893
225 0.684944873608
225 0.70758790587
225 0.726210376051
225 0.726210376051
230 0.695028773652
230 0.0
230 0.5
230 0.619906233284
230 0.68060605676
230 0.719227811134
230 0.746736645893
230 0.684944873608
230 0.70758790587
230 0.726210376051
230 0.726210376051
235 0.695028773652
235 0.0
235 0.5
235 0.619906233284
235 0.68060605676
235 0.719227811134
235 0.746736645893
235 0.684944873608
235 0.70758790587
235 0.726210376051
235 0.726210376051
240 0.695028773652
240 0.0
240 0.5
240 0.619906233284
240 0.68060605676
240 0.719227811134
240 0.746736645893
240 0.684944873608
240 0.70758790587
240 0.726210376051
240 0.726210376051
