0 0.737500011921
1 0.75
2 0.745833337307
3 0.76250000298
4 0.772500002384
5 0.768750001987
6 0.780357147966
7 0.78437500447
8 0.791666673289
9 0.791250008345
10 0.789772732691
11 0.79375000298
12 0.79134615568
13 0.791071431977
14 0.792500003179
15 0.79375000298
16 0.790441179977
17 0.785416669316
18 0.786184213663
19 0.786875003576
20 0.786904766446
21 0.786363639615
22 0.785326089548
23 0.784375001987
24 0.784000000954
25 0.784134617219
26 0.783333334658
27 0.782589286566
28 0.784051724549
29 0.785000000397
30 0.786290322581
31 0.785546874627
32 0.785984848485
33 0.786397059174
34 0.788214286736
35 0.789583333664
36 0.789864865509
37 0.790460526943
38 0.790705129122
39 0.787812501192
40 0.787195122823
41 0.786607143425
42 0.78720930288
43 0.786079546267
44 0.786111112436
45 0.786141306162
46 0.785638299394
47 0.784895834823
48 0.785459185133
49 0.787000001669
50 0.786764707051
51 0.787500000917
52 0.788915095464
53 0.788888890434
54 0.78863636472
55 0.788839286992
56 0.790131580411
57 0.790732759854
58 0.790042374094
59 0.790000001589
60 0.789754099533
61 0.788709678958
62 0.788690478083
63 0.78847656399
64 0.787692309343
65 0.787878789685
66 0.787313434615
67 0.787867648637
68 0.788043479989
69 0.787500001703
70 0.787852114355
71 0.78750000149
72 0.787157535553
73 0.787331082531
74 0.787333335082
75 0.787171054043
76 0.787012988097
77 0.787500000917
78 0.787974684299
79 0.788906250894
80 0.788425926809
81 0.788567074188
82 0.788855422692
83 0.787946429281
84 0.788823530253
85 0.788662791252
86 0.787931035305
87 0.787642046132
88 0.786938203185
89 0.787083334393
90 0.787225275904
91 0.787364131731
92 0.787231183821
93 0.787632979611
94 0.78789473772
95 0.788281250745
96 0.788530928572
97 0.788647960035
98 0.788510101612
99 0.788375000358
100 0.78861386174
101 0.789093137372
102 0.789199029358
103 0.789543269345
104 0.789880952381
105 0.789386792565
106 0.788901869382
107 0.789351851852
108 0.788761468109
109 0.788636363636
110 0.788626126341
111 0.788727678891
112 0.788384956069
113 0.788377193505
114 0.787826087682
115 0.788038793823
116 0.787927350937
117 0.788241525828
118 0.788655462385
119 0.788333333532
120 0.788326446675
121 0.788012295473
122 0.788008130663
123 0.788205645738
124 0.788200000763
125 0.788293651645
126 0.788681103019
127 0.787988281809
128 0.788081395996
129 0.788173077657
130 0.787595420393
131 0.787594697692
132 0.787687970731
133 0.787313433725
134 0.787222222929
135 0.786764706759
136 0.786861314826
137 0.787047102399
138 0.786870504455
139 0.787142857909
140 0.787411348194
141 0.787500000756
142 0.787762238429
143 0.788020833913
144 0.788189655748
145 0.788356164955
146 0.788520408731
147 0.788935811536
148 0.788842282439
149 0.788916667302
150 0.789155629692
151 0.789309211075
152 0.788970588859
153 0.789448052645
154 0.789435484717
155 0.789262821277
156 0.789410828785
157 0.789319620857
158 0.788993711367
159 0.789218750596
160 0.788897516194
161 0.789351852588
162 0.789417178719
163 0.78986280575
164 0.789696970492
165 0.789608434381
166 0.789670659396
167 0.789732143638
168 0.789866864681
169 0.790000000771
170 0.790131579714
171 0.790261628669
172 0.790245665636
173 0.790158046731
174 0.789785715171
175 0.789772728289
176 0.789477402208
177 0.789255619049
178 0.789175978586
179 0.789375000861
180 0.78943370258
181 0.789491759224
182 0.78954918137
183 0.789741848798
184 0.790000000838
185 0.790255377049
186 0.790307487396
187 0.790226064464
188 0.790211640969
189 0.790394737532
190 0.790641361818
191 0.790364583954
192 0.790414508451
193 0.790463918263
194 0.790320513493
195 0.790433674138
196 0.790482234229
197 0.790909091632
198 0.790954774648
199 0.790812500715
200 0.790858209726
201 0.790965347302
202 0.790948276743
203 0.790992647994
204 0.791097561906
205 0.791140777683
206 0.791304348748
207 0.79134615482
208 0.791447369391
209 0.791428572507
210 0.791350711861
211 0.791627359559
212 0.791960095016
213 0.79205607588
214 0.79209302442
215 0.792071760529
216 0.791647466646
217 0.791800459864
218 0.79178082317
219 0.791818183119
220 0.791968327032
221 0.792060812046
222 0.792152467597
223 0.792187501277
224 0.792055556774
225 0.792256638276
226 0.792345816081
227 0.792324562606
228 0.792740175818
229 0.792717392548
230 0.792803031542
231 0.792672414975
232 0.792811159924
233 0.793055556778
234 0.793351065098
235 0.79332627255
236 0.79345991692
237 0.793750001352
238 0.793462344543
239 0.793489584823
240 0.793516599044
