0 0.75
1 0.762499988079
2 0.75
3 0.837499976158
4 0.8125
5 0.762499988079
6 0.800000011921
7 0.800000011921
8 0.824999988079
9 0.774999976158
10 0.774999976158
11 0.8125
12 0.824999988079
13 0.850000023842
14 0.75
15 0.800000011921
16 0.762499988079
17 0.737500011921
18 0.800000011921
19 0.762499988079
20 0.824999988079
21 0.737500011921
22 0.712499976158
23 0.824999988079
24 0.774999976158
25 0.762499988079
26 0.75
27 0.787500023842
28 0.837499976158
29 0.8125
30 0.8125
31 0.800000011921
32 0.824999988079
33 0.837499976158
34 0.824999988079
35 0.787500023842
36 0.8125
37 0.8125
38 0.824999988079
39 0.699999988079
40 0.8125
41 0.824999988079
42 0.762499988079
43 0.762499988079
44 0.774999976158
45 0.837499976158
46 0.75
47 0.762499988079
48 0.787500023842
49 0.837499976158
50 0.787500023842
51 0.824999988079
52 0.8125
53 0.8125
54 0.762499988079
55 0.800000011921
56 0.824999988079
57 0.8125
58 0.800000011921
59 0.762499988079
60 0.824999988079
61 0.6875
62 0.75
63 0.774999976158
64 0.787500023842
65 0.800000011921
66 0.662500023842
67 0.824999988079
68 0.75
69 0.712499976158
70 0.8125
71 0.787500023842
72 0.8125
73 0.862500011921
74 0.824999988079
75 0.762499988079
76 0.774999976158
77 0.8125
78 0.862500011921
79 0.837499976158
80 0.762499988079
81 0.824999988079
82 0.850000023842
83 0.6875
84 0.800000011921
85 0.800000011921
86 0.712499976158
87 0.824999988079
88 0.774999976158
89 0.8125
90 0.787500023842
91 0.800000011921
92 0.8125
93 0.762499988079
94 0.787500023842
95 0.862500011921
96 0.850000023842
97 0.800000011921
98 0.75
99 0.787500023842
100 0.862500011921
101 0.837499976158
102 0.787500023842
103 0.800000011921
104 0.862500011921
105 0.725000023842
106 0.8125
107 0.862500011921
108 0.725000023842
109 0.787500023842
110 0.8125
111 0.800000011921
112 0.774999976158
113 0.75
114 0.824999988079
115 0.774999976158
116 0.787500023842
117 0.887499988079
118 0.850000023842
119 0.762499988079
120 0.787500023842
121 0.774999976158
122 0.824999988079
123 0.8125
124 0.774999976158
125 0.8125
126 0.8125
127 0.774999976158
128 0.774999976158
129 0.837499976158
130 0.725000023842
131 0.800000011921
132 0.725000023842
133 0.762499988079
134 0.800000011921
135 0.774999976158
136 0.774999976158
137 0.824999988079
138 0.725000023842
139 0.787500023842
140 0.787500023842
141 0.787500023842
142 0.800000011921
143 0.774999976158
144 0.837499976158
145 0.787500023842
146 0.837499976158
147 0.850000023842
148 0.762499988079
149 0.837499976158
150 0.8125
151 0.787500023842
152 0.662500023842
153 0.800000011921
154 0.774999976158
155 0.787500023842
156 0.762499988079
157 0.762499988079
158 0.800000011921
159 0.824999988079
160 0.762499988079
161 0.800000011921
162 0.824999988079
163 0.862500011921
164 0.762499988079
165 0.774999976158
166 0.837499976158
167 0.800000011921
168 0.800000011921
169 0.787500023842
170 0.787500023842
171 0.8125
172 0.8125
173 0.787500023842
174 0.762499988079
175 0.800000011921
176 0.774999976158
177 0.737500011921
178 0.800000011921
179 0.8125
180 0.774999976158
181 0.774999976158
182 0.8125
183 0.850000023842
184 0.824999988079
185 0.824999988079
186 0.787500023842
187 0.774999976158
188 0.824999988079
189 0.8125
190 0.837499976158
191 0.762499988079
192 0.8125
193 0.850000023842
194 0.75
195 0.8125
196 0.725000023842
197 0.787500023842
198 0.762499988079
199 0.800000011921
200 0.800000011921
201 0.787500023842
202 0.8125
203 0.8125
204 0.8125
205 0.787500023842
206 0.850000023842
207 0.800000011921
208 0.787500023842
209 0.762499988079
210 0.824999988079
211 0.850000023842
212 0.8125
213 0.837499976158
214 0.8125
215 0.850000023842
216 0.762499988079
217 0.800000011921
218 0.774999976158
219 0.824999988079
220 0.824999988079
221 0.762499988079
222 0.824999988079
223 0.774999976158
224 0.837499976158
225 0.824999988079
226 0.8125
227 0.774999976158
228 0.850000023842
229 0.824999988079
230 0.75
231 0.762499988079
232 0.75
233 0.850000023842
234 0.862500011921
235 0.774999976158
236 0.824999988079
237 0.800000011921
238 0.725000023842
239 0.800000011921
240 0.8125
241 0.787500023842
242 0.800000011921
243 0.737500011921
244 0.800000011921
245 0.8125
246 0.774999976158
247 0.850000023842
248 0.8125
249 0.774999976158
250 0.862500011921
251 0.8125
252 0.787500023842
253 0.737500011921
254 0.824999988079
255 0.800000011921
256 0.8125
257 0.824999988079
258 0.787500023842
259 0.824999988079
260 0.774999976158
261 0.774999976158
262 0.837499976158
263 0.774999976158
264 0.800000011921
265 0.787500023842
266 0.887499988079
267 0.800000011921
268 0.787500023842
269 0.787500023842
270 0.8125
271 0.75
272 0.875
273 0.837499976158
274 0.837499976158
275 0.8125
276 0.8125
277 0.850000023842
278 0.837499976158
279 0.800000011921
280 0.824999988079
281 0.824999988079
282 0.762499988079
283 0.8125
284 0.824999988079
285 0.762499988079
286 0.8125
287 0.800000011921
288 0.800000011921
289 0.824999988079
290 0.824999988079
291 0.787500023842
292 0.837499976158
293 0.762499988079
294 0.850000023842
295 0.824999988079
296 0.800000011921
297 0.800000011921
298 0.8125
299 0.837499976158
300 0.850000023842
301 0.762499988079
302 0.8125
303 0.800000011921
304 0.762499988079
305 0.787500023842
306 0.837499976158
307 0.737500011921
308 0.8125
309 0.762499988079
310 0.762499988079
311 0.800000011921
312 0.762499988079
313 0.824999988079
314 0.787500023842
315 0.8125
316 0.862500011921
317 0.850000023842
318 0.837499976158
319 0.800000011921
320 0.800000011921
321 0.824999988079
322 0.824999988079
323 0.800000011921
324 0.862500011921
325 0.787500023842
326 0.800000011921
327 0.800000011921
328 0.8125
329 0.787500023842
330 0.774999976158
