0 0.513845145702
1 0.415520340204
2 0.497431457043
3 0.436516851187
4 0.479296594858
5 0.443801164627
6 0.374440610409
7 0.438588857651
8 0.415420919657
9 0.460624039173
10 0.494366258383
11 0.417463213205
12 0.390286266804
13 0.376570552588
14 0.430701911449
15 0.442004144192
16 0.425543695688
17 0.4663862288
18 0.427154779434
19 0.436461627483
20 0.431003808975
21 0.467346996069
22 0.451115041971
23 0.425769984722
24 0.453811645508
25 0.455615341663
26 0.477658182383
27 0.434053897858
28 0.37746450305
29 0.409518152475
30 0.422555059195
31 0.469915539026
32 0.508130848408
33 0.409705638885
34 0.377366244793
35 0.371657758951
36 0.418832302094
37 0.430822938681
38 0.419261157513
39 0.540659844875
40 0.405130684376
41 0.425860315561
42 0.401857703924
43 0.504064917564
44 0.429894208908
45 0.408241182566
46 0.458228290081
47 0.447643816471
48 0.418813377619
49 0.478302419186
50 0.459445714951
51 0.389375299215
52 0.398917555809
53 0.466869056225
54 0.476370632648
55 0.473720729351
56 0.35462886095
57 0.343515336514
58 0.440882384777
59 0.41362196207
60 0.423008352518
61 0.517327845097
62 0.44412407279
63 0.379851818085
64 0.415771961212
65 0.456134796143
66 0.496511310339
67 0.428519904613
68 0.431417703629
69 0.476196348667
70 0.405934035778
71 0.442386060953
72 0.457513988018
73 0.374329864979
74 0.434518158436
75 0.423166811466
76 0.477700531483
77 0.459017932415
78 0.399916112423
79 0.375423371792
80 0.470386207104
81 0.410342037678
82 0.395990788937
83 0.484618574381
84 0.470230013132
85 0.365641504526
86 0.448956400156
87 0.438350975513
88 0.484040826559
89 0.455988317728
90 0.497040688992
91 0.449117094278
92 0.48063069582
93 0.444454431534
94 0.430984556675
95 0.408388674259
96 0.398075342178
97 0.458913981915
98 0.517690837383
99 0.441253900528
100 0.354195952415
101 0.392041295767
102 0.465576976538
103 0.422119468451
104 0.42129650712
105 0.469765096903
106 0.434686273336
107 0.383850753307
108 0.456675231457
109 0.409751325846
110 0.442135989666
111 0.420098125935
112 0.427282750607
113 0.473778396845
114 0.401045978069
115 0.417409747839
116 0.44072046876
117 0.401261329651
118 0.397134900093
119 0.459358990192
120 0.42386752367
121 0.480700433254
122 0.361955136061
123 0.373323559761
124 0.437893092632
125 0.39946770668
126 0.405244261026
127 0.463813781738
128 0.454240262508
129 0.394609928131
130 0.481753736734
131 0.44197884202
132 0.472748667002
133 0.467069327831
134 0.4276047647
135 0.488390922546
136 0.451980113983
137 0.434608519077
138 0.424338728189
139 0.437905013561
140 0.410080194473
141 0.404603332281
142 0.427657604218
143 0.439198255539
144 0.370496928692
145 0.390708297491
146 0.42743358016
147 0.393233388662
148 0.488577514887
149 0.419126808643
150 0.445141553879
151 0.436865240335
152 0.476853847504
153 0.397034555674
154 0.497821718454
155 0.445511043072
156 0.455644607544
157 0.495233863592
158 0.417895972729
159 0.431206554174
160 0.429163396358
161 0.40832644701
162 0.428138107061
163 0.388220846653
164 0.460133075714
165 0.453285396099
166 0.406811863184
167 0.369149684906
168 0.382887780666
169 0.441596359015
170 0.446806997061
171 0.426464617252
172 0.45325165987
173 0.403179645538
174 0.438374042511
175 0.410770177841
176 0.459804296494
177 0.478992938995
178 0.412368953228
179 0.481077283621
180 0.401925861835
181 0.435419380665
182 0.456334203482
183 0.395072340965
184 0.373834043741
185 0.392757713795
186 0.464655488729
187 0.494867324829
188 0.406278699636
189 0.375690698624
190 0.38007864356
191 0.394634127617
192 0.406685441732
193 0.430261135101
194 0.45613771677
195 0.407008081675
196 0.432745605707
197 0.376162558794
198 0.439551264048
199 0.433221250772
200 0.426489442587
201 0.42636719346
202 0.438077270985
203 0.442485004663
204 0.440594285727
205 0.3675814569
206 0.395153015852
207 0.401025384665
208 0.424286454916
209 0.485653489828
210 0.381691128016
211 0.366762250662
212 0.366086542606
213 0.409262657166
214 0.424078762531
215 0.368812859058
216 0.474059641361
217 0.416228681803
218 0.408937931061
219 0.40352421999
220 0.441869318485
221 0.472196757793
222 0.405308634043
223 0.441909313202
224 0.411858856678
225 0.390677124262
226 0.443831056356
227 0.38139590621
228 0.355317533016
229 0.394046783447
230 0.432747125626
231 0.432449579239
232 0.418062359095
233 0.357576310635
234 0.3397102952
235 0.416719764471
236 0.416094392538
237 0.372066736221
238 0.493534088135
239 0.43413028121
240 0.382625550032
241 0.406103134155
242 0.445922851562
243 0.496491253376
244 0.388017654419
245 0.438067734241
246 0.465425670147
247 0.422023594379
248 0.434103548527
249 0.402870118618
250 0.337818145752
251 0.421500772238
252 0.440292835236
253 0.438358932734
254 0.421895742416
255 0.363812327385
256 0.335861176252
257 0.413144022226
258 0.441679388285
259 0.370683252811
260 0.467444121838
261 0.442452907562
262 0.394935429096
263 0.439278900623
264 0.453049898148
265 0.467352628708
266 0.351582586765
267 0.445019483566
268 0.456305593252
269 0.392207503319
270 0.449230015278
271 0.418992578983
272 0.387686401606
273 0.382879674435
274 0.420561313629
275 0.47261428833
276 0.427271366119
277 0.348824828863
278 0.370786249638
279 0.423838913441
280 0.405585587025
281 0.383058518171
282 0.473621755838
283 0.440342098475
284 0.350117743015
285 0.457454681396
286 0.406154960394
287 0.423147261143
288 0.417811065912
289 0.429519593716
290 0.441574752331
291 0.411541372538
292 0.423132836819
293 0.403229773045
294 0.359005481005
295 0.363020837307
296 0.469687700272
297 0.410762399435
298 0.420445293188
299 0.356763213873
300 0.342389881611
301 0.418203741312
302 0.40597063303
303 0.448060423136
304 0.462607085705
305 0.450318723917
306 0.355705976486
307 0.45000821352
308 0.384896993637
309 0.439774900675
310 0.411009699106
311 0.444651931524
312 0.482934296131
313 0.444882571697
314 0.415661811829
315 0.368446141481
316 0.376082956791
317 0.369065582752
318 0.402343928814
319 0.461955159903
320 0.472059726715
321 0.341879159212
322 0.381129294634
323 0.36714053154
324 0.368624418974
325 0.437282651663
326 0.430108726025
327 0.428496927023
328 0.373490035534
329 0.458285808563
330 0.375427484512
