0 0.495405495167
1 0.452964305878
2 0.464698662361
3 0.458401866257
4 0.459900873899
5 0.45553552111
6 0.445720481021
7 0.442920766771
8 0.440548158354
9 0.441796439886
10 0.446410103278
11 0.444273496668
12 0.438355652186
13 0.434933730534
14 0.434378278255
15 0.431349780411
16 0.429450447068
17 0.433096768128
18 0.4313232585
19 0.428776182234
20 0.425040416774
21 0.426510187713
22 0.428663286178
23 0.42741046225
24 0.424694663286
25 0.423317674261
26 0.420610287675
27 0.418648126934
28 0.415735971311
29 0.412084627151
30 0.411929425693
31 0.411233922467
32 0.410802282167
33 0.40895716583
34 0.406975018978
35 0.403793554339
36 0.401799516903
37 0.399683819005
38 0.398281432115
39 0.398801642656
40 0.397527429389
41 0.395601037003
42 0.393455406261
43 0.393205136061
44 0.393220478296
45 0.392270442584
46 0.392100140135
47 0.391191583748
48 0.389405754148
49 0.387761512399
50 0.386365774215
51 0.383674925623
52 0.382053554902
53 0.381308267238
54 0.380558145859
55 0.379389997306
56 0.378444792147
57 0.376903993559
58 0.37584358378
59 0.373711707443
60 0.371568677367
61 0.3736560138
62 0.37397859352
63 0.372163122986
64 0.371342058365
65 0.370923897082
66 0.370829067568
67 0.36921671778
68 0.368090144534
69 0.367947630797
70 0.365878698482
71 0.365747935035
72 0.36486313339
73 0.363067709111
74 0.362186082999
75 0.361461938604
76 0.360329032331
77 0.359122259113
78 0.358071927783
79 0.356076498888
80 0.355079238613
81 0.353689396527
82 0.352263956544
83 0.352044993213
84 0.351326474372
85 0.34996213556
86 0.34916694291
87 0.348708012395
88 0.349368231852
89 0.347571142846
90 0.34636575393
91 0.346574130104
92 0.345984461647
93 0.344891455421
94 0.344553946037
95 0.343290532473
96 0.341935111383
97 0.341009449898
98 0.340835893395
99 0.339813262522
100 0.338748351477
101 0.337577717269
102 0.336976726078
103 0.3355992925
104 0.334267430504
105 0.334376843049
106 0.333556921683
107 0.332529666247
108 0.331654700938
109 0.33106732802
110 0.330384713572
111 0.329444925966
112 0.328715161808
113 0.327804327142
114 0.327211046348
115 0.326014758698
116 0.325896162763
117 0.324466139836
118 0.323501511406
119 0.323182211195
120 0.322141720859
121 0.321091237127
122 0.319963781693
123 0.31926613241
124 0.319420050263
125 0.318196996928
126 0.317514296122
127 0.317130366806
128 0.31690941855
129 0.316353738537
130 0.315698785523
131 0.315058515492
132 0.314122447618
133 0.313325276126
134 0.312652883375
135 0.312259155271
136 0.311550278624
137 0.310599979067
138 0.309817209518
139 0.308762954921
140 0.308148949493
141 0.307680689533
142 0.307302474976
143 0.306702589513
144 0.305647650772
145 0.304879939617
146 0.304765397493
147 0.303728083199
148 0.302854666174
149 0.302526022394
150 0.30253025317
151 0.301959065818
152 0.301647715514
153 0.300822724383
154 0.300720630154
