0 0.643932200357
0 1.0
0 1.0
0 0.760187533432
0 0.798484858099
0 0.822852472069
0 0.742232974899
0 0.680813877256
0 0.63188373997
0 0.591641778909
0 0.557746620823
1 0.600830304968
1 1.0
1 1.0
1 0.760187533432
1 0.63878788648
1 0.561544377732
1 0.506526708213
1 0.464612087868
1 0.431220387135
1 0.403757813041
1 0.437916528509
2 0.6719479612
2 1.0
2 1.0
2 0.760187533432
2 0.63878788648
2 0.682466377636
2 0.713576937352
2 0.737278182981
2 0.684289952399
2 0.640710464786
2 0.604004161638
3 0.617274722276
3 1.0
3 1.0
3 0.760187533432
3 0.798484858099
3 0.822852472069
3 0.742232974899
3 0.680813877256
3 0.63188373997
3 0.591641778909
3 0.557746620823
4 0.735760075725
4 1.0
4 1.0
4 1.0
4 1.0
4 0.879078000096
4 0.890925410367
4 0.899951232579
4 0.907141743949
4 0.849369783021
4 0.80070938733
5 0.666481021047
5 1.0
5 1.0
5 0.760187533432
5 0.63878788648
5 0.682466377636
5 0.713576937352
5 0.737278182981
5 0.684289952399
5 0.640710464786
5 0.604004161638
6 0.680275858806
6 1.0
6 1.0
6 0.760187533432
6 0.798484858099
6 0.822852472069
6 0.742232974899
6 0.680813877256
6 0.63188373997
6 0.591641778909
6 0.557746620823
7 0.718094626641
7 1.0
7 1.0
7 1.0
7 1.0
7 0.879078000096
7 0.890925410367
7 0.899951232579
7 0.835271679426
7 0.782076814181
7 0.73727163274
8 0.662561149612
8 1.0
8 1.0
8 0.760187533432
8 0.63878788648
8 0.682466377636
8 0.713576937352
8 0.737278182981
8 0.684289952399
8 0.640710464786
8 0.604004161638
9 0.71007173322
9 1.0
9 1.0
9 0.760187533432
9 0.798484858099
9 0.822852472069
9 0.840208614405
9 0.77068212249
9 0.71529314862
9 0.669739200618
9 0.631369841167
10 0.653017569013
10 1.0
10 1.0
10 0.760187533432
10 0.798484858099
10 0.822852472069
10 0.742232974899
10 0.680813877256
10 0.63188373997
10 0.591641778909
10 0.557746620823
11 0.743408263464
11 1.0
11 1.0
11 1.0
11 1.0
11 0.879078000096
11 0.890925410367
11 0.899951232579
11 0.907141743949
11 0.849369783021
11 0.80070938733
12 0.664929663785
12 1.0
12 1.0
12 0.760187533432
12 0.63878788648
12 0.682466377636
12 0.713576937352
12 0.654529100523
12 0.607488051836
12 0.568799747358
12 0.536213209281
13 0.709436278479
13 1.0
13 1.0
13 0.760187533432
13 0.798484858099
13 0.701930472165
13 0.731134024772
13 0.753382437526
13 0.699236793131
13 0.654705405438
13 0.617197332127
14 0.704440772795
14 1.0
14 1.0
14 1.0
14 1.0
14 0.879078000096
14 0.890925410367
14 0.817202150121
14 0.830339843386
14 0.777459065593
14 0.732918434973
15 0.626246885749
15 1.0
15 1.0
15 0.760187533432
15 0.63878788648
15 0.561544377732
15 0.506526708213
15 0.547361170326
15 0.57989235222
15 0.606647203681
15 0.571892384795
16 0.679123902521
16 1.0
16 1.0
16 0.760187533432
16 0.798484858099
16 0.701930472165
16 0.731134024772
16 0.753382437526
16 0.699236793131
16 0.654705405438
16 0.617197332127
17 0.588252743007
17 1.0
17 1.0
17 0.760187533432
17 0.63878788648
17 0.561544377732
17 0.604502347719
17 0.554480333101
17 0.586499860308
17 0.54914820359
17 0.517687502475
18 0.698114292015
18 1.0
18 1.0
18 1.0
18 1.0
18 0.879078000096
18 0.792949770862
18 0.810082987345
18 0.823732335299
18 0.771272361312
18 0.727086166986
19 0.62884338083
19 1.0
19 1.0
19 0.760187533432
19 0.798484858099
19 0.701930472165
19 0.633158385266
19 0.580765109835
19 0.610895548441
19 0.571990235142
19 0.539220914017
20 0.622103079716
20 1.0
20 0.5
20 0.619906233284
20 0.52090908514
20 0.578841716701
20 0.522129329334
20 0.478923606408
20 0.516373400436
20 0.547173501082
20 0.515825930676
