0 26 22 19 33
1 26 25 20 29
2 14 34 16 36
3 15 39 9 37
4 16 33 10 41
5 14 33 12 41
6 16 36 15 33
7 21 29 17 33
8 25 25 22 28
9 24 24 22 30
10 24 30 19 27
11 21 28 16 35
12 18 29 14 39
13 17 34 16 33
14 18 33 12 37
15 21 30 16 33
16 20 28 21 31
17 25 28 20 27
18 22 26 21 31
19 22 27 19 32
20 17 33 21 29
21 16 36 15 33
22 19 30 19 32
23 16 33 18 33
24 19 34 18 29
25 19 29 19 33
26 24 25 19 32
27 20 30 21 29
28 20 32 16 32
29 23 26 19 32
30 18 31 20 31
31 19 33 19 29
32 16 33 19 32
33 23 26 19 32
34 18 31 21 30
35 18 35 18 29
36 21 28 20 31
37 21 27 22 30
38 23 30 22 25
39 20 28 19 33
40 23 28 18 31
41 17 31 21 31
42 19 35 18 28
43 21 28 19 32
44 18 29 20 33
45 19 33 21 27
46 24 26 18 32
47 24 26 22 28
48 19 29 20 32
49 19 35 17 29
50 20 29 19 32
51 20 27 19 34
52 19 32 23 26
53 24 27 19 30
54 25 26 26 23
55 20 28 23 29
56 19 34 20 27
57 18 30 22 30
58 23 26 22 29
59 21 29 24 26
60 22 30 23 25
61 23 26 26 25
62 21 28 25 26
63 21 32 23 24
64 21 27 26 26
65 24 25 25 26
66 20 30 24 26
67 22 30 24 24
68 24 25 24 27
69 20 29 25 26
70 22 30 23 25
71 20 29 25 26
72 25 24 25 26
73 19 30 24 27
74 22 31 24 23
75 23 26 26 25
76 21 27 27 25
77 22 31 27 20
78 21 27 26 26
79 25 26 24 25
80 19 29 28 24
81 23 31 24 22
82 25 24 27 24
83 22 25 27 26
84 21 31 26 22
85 21 29 24 25
86 24 26 26 24
87 20 28 27 25
88 27 27 24 22
89 25 24 30 21
90 24 23 27 26
91 21 30 27 22
92 21 30 24 24
93 21 30 24 24
94 19 29 26 24
95 28 25 26 21
96 26 22 29 23
97 24 25 26 24
98 20 30 27 21
99 19 33 24 23
100 25 24 26 24
101 23 26 25 26
102 27 26 26 21
103 23 25 29 23
104 23 26 25 25
105 18 31 24 24
106 23 29 23 24
107 29 20 27 24
108 25 24 29 22
109 24 28 25 22
110 22 27 26 24
111 22 27 24 26
112 23 26 27 22
113 26 27 24 22
114 30 19 29 22
115 22 26 26 24
116 26 27 25 21
117 24 24 26 25
118 32 19 25 23
119 23 25 29 21
120 27 27 26 19
