0 0.482007948682
1 0.486188229246
2 0.379175784047
3 0.341978978486
4 0.385263846161
5 0.374804900424
6 0.365368122235
7 0.436678950377
8 0.486924998239
9 0.47358643706
10 0.438929615025
11 0.428091065616
12 0.408739798801
13 0.372331107145
14 0.392957372993
15 0.436485118799
16 0.441847036515
17 0.460041738063
18 0.459214390333
19 0.468405498686
20 0.402955253311
21 0.398768933275
22 0.420085343171
23 0.401927359972
24 0.405389215235
25 0.443575500821
26 0.485335901418
27 0.429366496578
28 0.439204464559
29 0.483740201334
30 0.413741658461
31 0.413896799105
32 0.40187633794
33 0.479036472966
34 0.422701701142
35 0.432685515738
36 0.478156173222
37 0.459327827596
38 0.456985627459
39 0.459197457142
40 0.473500392783
41 0.407700082539
42 0.411306738629
43 0.445375356253
44 0.421691397978
45 0.430938872133
46 0.483278946895
47 0.496121685021
48 0.423490180712
49 0.40464468841
50 0.434622515601
51 0.447368188107
52 0.427848032128
53 0.47294400017
54 0.511984393731
55 0.452034874984
56 0.423592372938
57 0.427395481694
58 0.47867812241
59 0.441615808047
60 0.460600382711
61 0.492390641334
62 0.458021167362
63 0.439680914561
64 0.446723675452
65 0.483571903533
66 0.41585922705
67 0.434495054172
68 0.482894119721
69 0.439072046001
70 0.477725224565
71 0.440731267236
72 0.499781762996
73 0.395592622673
74 0.420432605148
75 0.506648014338
76 0.479229681723
77 0.461417869687
78 0.472736211799
79 0.503216267052
80 0.432238828083
81 0.468606615474
82 0.535287350635
83 0.502358346969
84 0.461878906779
85 0.426669174717
86 0.466954373377
87 0.442898184216
88 0.503578259666
89 0.537679245334
90 0.541645738797
91 0.465093484285
92 0.443060392731
93 0.440487143027
94 0.446268847615
95 0.51301870651
96 0.546845202596
97 0.524528350824
98 0.452698206103
99 0.445320498644
100 0.518302322745
101 0.506982091282
102 0.54767524223
103 0.500712586577
104 0.502594194499
105 0.389395509751
106 0.470787675805
107 0.599594735027
108 0.562888693064
109 0.494411500603
110 0.443636100103
111 0.508121949057
112 0.480404704196
113 0.509262934042
114 0.586789711512
115 0.501019187063
116 0.49452295864
117 0.51961246728
118 0.593087648306
119 0.51602045337
120 0.504689129858
