0 0.728588129465
1 0.787437755328
2 0.806252888271
3 0.726740694046
4 0.795582678169
5 0.794111434902
6 0.763840224594
7 0.718284479209
8 0.778315429688
9 0.753699002167
10 0.707911511262
11 0.742644991193
12 0.747399061918
13 0.729304520523
14 0.708187338379
15 0.760999883924
16 0.758390593529
17 0.713492791653
18 0.739038762721
19 0.760440596125
20 0.750809182139
21 0.738677684218
22 0.757025110094
23 0.770777124912
24 0.710601539988
25 0.751625638259
26 0.752774976194
27 0.747232362628
28 0.728417345881
29 0.769507685433
30 0.751112881634
31 0.739709110636
32 0.750412825495
33 0.769739718541
34 0.768430971437
35 0.766636116637
36 0.796197105022
37 0.76372648137
38 0.750487415687
39 0.758052960038
40 0.788425556991
41 0.774822396391
42 0.74935026859
43 0.772093903451
44 0.772483802504
45 0.789375179692
46 0.752822138369
47 0.797696510951
48 0.785552724412
49 0.750396772435
50 0.780425137281
51 0.788465884328
52 0.795962951685
53 0.754064567387
54 0.816151456833
55 0.809809160233
56 0.784833484574
57 0.795119623343
58 0.807471150937
59 0.789414783319
60 0.781360349872
61 0.822412703348
62 0.820769971325
63 0.78596387023
64 0.791736301922
65 0.81068884333
66 0.800657182932
67 0.768484920263
68 0.817953514556
69 0.828578463197
70 0.833955737677
71 0.814725586772
72 0.829012615681
73 0.797488535705
74 0.777229848233
75 0.858569090781
76 0.854929728167
77 0.82719680396
78 0.828738152981
79 0.849201960564
80 0.832785559328
81 0.830171686152
82 0.858626408577
83 0.85706797784
84 0.850966550055
85 0.800050681546
86 0.827620131274
87 0.849204152822
88 0.811833251406
89 0.863690509796
90 0.87251954029
91 0.862959455876
92 0.819122456369
93 0.864370990367
94 0.868705639714
95 0.804535931775
96 0.841534793377
97 0.88280861328
98 0.862751919031
99 0.867295506753
100 0.852582657337
101 0.881542086601
102 0.846138086584
103 0.859739961831
104 0.880801213824
105 0.836663749483
106 0.831765540268
107 0.871968415277
108 0.884333570004
109 0.844501348833
110 0.811421730302
111 0.90854258158
112 0.843259111695
113 0.845518364356
114 0.846380307277
115 0.883676152338
116 0.828813433647
117 0.85969081521
118 0.857987895608
119 0.871085713739
120 0.84469920176
