0 0.190595007756
1 0.17438205611
2 0.179018720268
3 0.212100261282
4 0.208897942806
5 0.216362510982
6 0.18026357496
7 0.224053980623
8 0.183354664128
9 0.18556517292
10 0.209568405357
11 0.196904202641
12 0.205122358282
13 0.190399327076
14 0.233749341007
15 0.211731050513
16 0.204188336122
17 0.21494122913
18 0.213505426101
19 0.200614991813
20 0.190994979428
21 0.213121359718
22 0.202779421652
23 0.206476770528
24 0.203441378719
25 0.204761850337
26 0.214385993843
27 0.204193788873
28 0.236742838689
29 0.224271586105
30 0.20931398669
31 0.208748786018
32 0.206562656211
33 0.207493475106
34 0.205699913204
35 0.217877416105
36 0.201280435281
37 0.213721317389
38 0.200270667206
39 0.227215563745
40 0.209785386787
41 0.216580897011
42 0.228843800141
43 0.213670269897
44 0.225032368611
45 0.194663533301
46 0.235365851622
47 0.205553728555
48 0.208673923773
49 0.22777529143
50 0.20981444457
51 0.219898951465
52 0.197173235996
53 0.237232886779
54 0.217600771909
55 0.213439931038
56 0.219396011603
57 0.221601972292
58 0.218837938582
59 0.198797273996
60 0.220152902834
61 0.204450375759
62 0.212675756935
63 0.221536426165
64 0.22696490027
65 0.229401859854
66 0.201192956825
67 0.234211704835
68 0.219192394588
69 0.215889284585
70 0.233284101289
71 0.227450936043
72 0.232734982955
73 0.21451580233
74 0.222762694582
75 0.212473778399
76 0.223797398309
77 0.220342749963
78 0.239019870226
79 0.222507558763
80 0.213359179969
81 0.241049923989
82 0.217354761902
83 0.227952243264
84 0.21232658726
85 0.240875891782
86 0.201615103555
87 0.201735576261
88 0.233789087838
89 0.210068602248
90 0.202393619809
91 0.193256381558
92 0.227523010674
93 0.200422168813
94 0.198251453095
95 0.214429351874
96 0.212369034732
97 0.211635666382
98 0.209064714761
99 0.223558677541
100 0.199456665458
101 0.203152218989
102 0.229098357367
103 0.212133464838
104 0.209087394419
105 0.194950976496
106 0.241595347987
107 0.211123520853
108 0.195409739328
109 0.223322160949
110 0.21572228611
111 0.205496044907
112 0.204208066591
113 0.22346480392
114 0.207230510907
115 0.202741902488
116 0.20921820285
117 0.222568246743
118 0.198810836372
119 0.1989371256
120 0.229142205338
