0 0.595882974278
1 0.630824987377
2 0.654995494164
3 0.71257799961
4 0.710219039636
5 0.711527138105
6 0.640147267375
7 0.662995337099
8 0.593216461539
9 0.578427907796
10 0.608045767345
11 0.63691716948
12 0.695338881241
13 0.623917154816
14 0.687573719694
15 0.623555800136
16 0.616044551421
17 0.567783949381
18 0.573517136276
19 0.631585562492
20 0.583119353503
21 0.658249975648
22 0.636060311514
23 0.639144616238
24 0.590842411715
25 0.583191153092
26 0.604344920566
27 0.551499322727
28 0.592769922456
29 0.579432367256
30 0.594660123847
31 0.578918078914
32 0.600725825511
33 0.605228613186
34 0.55751215031
35 0.573900194799
36 0.555877542671
37 0.553030415152
38 0.516527740562
39 0.556834195454
40 0.593258681574
41 0.557432546209
42 0.576963920308
43 0.581439271131
44 0.599675138217
45 0.518904317209
46 0.552965217866
47 0.527152168602
48 0.562026094932
49 0.576480740236
50 0.554646284192
51 0.595329269907
52 0.507385538663
53 0.549552578859
54 0.491017817767
55 0.540982477188
56 0.53742735179
57 0.534364785712
58 0.564419532596
59 0.489271006361
60 0.543282028307
61 0.506897868369
62 0.530623656698
63 0.495512165644
64 0.51798358839
65 0.551365812382
66 0.514824346509
67 0.53447164081
68 0.535922041893
69 0.511932493863
70 0.480599761999
71 0.507951040478
72 0.539629419225
73 0.531462668624
74 0.527508304653
75 0.485076735764
76 0.487741034836
77 0.465503514308
78 0.497910942076
79 0.527305382722
80 0.472930480296
81 0.480156208034
82 0.452680623214
83 0.487825095183
84 0.451828305813
85 0.545386736509
86 0.519693692178
87 0.494912773604
88 0.463383487967
89 0.418855636262
90 0.480803479713
91 0.437386062904
92 0.525732283568
93 0.508610325439
94 0.490558387921
95 0.441887493176
96 0.406124899849
97 0.490087844837
98 0.434982251973
99 0.511410068587
100 0.455781368241
101 0.471501462417
102 0.401123859828
103 0.457358696856
104 0.495741403284
105 0.505254033177
106 0.477273384867
107 0.429481504343
108 0.406384309612
109 0.445500671234
110 0.485615269747
111 0.50222031221
112 0.434080589824
113 0.447372607462
114 0.426216841513
115 0.456586357185
116 0.431840255269
117 0.465967149693
118 0.455929087167
119 0.407441112509
120 0.447990095491
