0 0.246462659616
1 0.284751414508
2 0.284916689862
3 0.329656211953
4 0.29742328472
5 0.32324068388
6 0.313953714569
7 0.314955033362
8 0.271341872486
9 0.313160778238
10 0.318412950883
11 0.267526798628
12 0.322271826367
13 0.311167721637
14 0.303485787728
15 0.330506373393
16 0.324218347669
17 0.331865176186
18 0.312295943499
19 0.320810297602
20 0.312341175353
21 0.318471323918
22 0.320000342347
23 0.323856836983
24 0.342348430306
25 0.318986120323
26 0.340812734328
27 0.327488868644
28 0.356104036669
29 0.306812609235
30 0.311287172139
31 0.333515536971
32 0.302010368307
33 0.344207247719
34 0.32626931034
35 0.34001501929
36 0.311344352861
37 0.323386231437
38 0.319841215485
39 0.303642457253
40 0.344395551458
41 0.309265769694
42 0.318352080097
43 0.304506414384
44 0.315605048463
45 0.297452130541
46 0.317151858471
47 0.321468998988
48 0.316169608757
49 0.289908949286
50 0.275912683457
51 0.319645879461
52 0.295070348307
53 0.311191589634
54 0.300347914821
55 0.300298026126
56 0.297090228843
57 0.294018623978
58 0.303121862312
59 0.279849291186
60 0.289450445212
61 0.293179893777
62 0.282194571668
63 0.287848642782
64 0.283863266048
65 0.304266178871
66 0.28404978551
67 0.300695873797
68 0.289567264418
69 0.304210317762
70 0.29215467804
71 0.270908576601
72 0.31231444536
73 0.275891241431
74 0.280057833297
75 0.259184579055
76 0.280256174877
77 0.270940842793
78 0.250246293015
79 0.304272212676
80 0.25954428222
81 0.270763780922
82 0.253170490703
83 0.291521776075
84 0.262171216897
85 0.273104772965
86 0.26984649779
87 0.271882410112
88 0.258255773607
89 0.249561941872
90 0.282963385805
91 0.248371739313
92 0.25544765691
93 0.253779068197
94 0.252615975216
95 0.251575138006
96 0.237993414203
97 0.271801612833
98 0.256013886205
99 0.262846807142
100 0.264776797671
101 0.268220038257
102 0.265142497089
103 0.257467344403
104 0.28750950602
105 0.264673950337
106 0.265706456266
107 0.25338007965
108 0.264256405987
109 0.245680753763
110 0.248095645716
111 0.27189222684
112 0.25840980949
113 0.275674111749
114 0.261743442998
115 0.265425100036
116 0.256453299522
117 0.24132917743
118 0.267627048824
119 0.247067148309
120 0.254988477876
