0 0.797064367569
1 0.833879563315
2 0.83349340743
3 0.84027157448
4 0.814121733694
5 0.834654837041
6 0.797778573903
7 0.817027209699
8 0.805698043261
9 0.812030199247
10 0.818155875977
11 0.795157559216
12 0.828254254853
13 0.792858127392
14 0.805968844577
15 0.827110499144
16 0.852394523099
17 0.832983858056
18 0.825252348377
19 0.855870466679
20 0.830260865963
21 0.829277373129
22 0.840827746638
23 0.855889640252
24 0.832057407609
25 0.821684535812
26 0.829936141627
27 0.813948550532
28 0.823479556676
29 0.809603159626
30 0.815709057781
31 0.796707360074
32 0.811498645279
33 0.818557589395
34 0.818638736202
35 0.820655430517
36 0.808690746625
37 0.844263197854
38 0.801666238478
39 0.815084905335
40 0.844817143062
41 0.822102575467
42 0.821031038408
43 0.8090190003
44 0.833685784629
45 0.792206587536
46 0.801805007107
47 0.834748381171
48 0.810038283467
49 0.799269652367
50 0.771759545803
51 0.824952054355
52 0.789747538238
53 0.802919585915
54 0.796885208289
55 0.81628653678
56 0.801509450589
57 0.789239166304
58 0.822400571722
59 0.784572201116
60 0.795786518604
61 0.802876138687
62 0.80547289364
63 0.790851641979
64 0.796278030583
65 0.807753252632
66 0.793009549379
67 0.796869205311
68 0.805383864677
69 0.820743555203
70 0.787527124087
71 0.795636876541
72 0.808831773021
73 0.791163469515
74 0.792263867394
75 0.779224269318
76 0.813895368949
77 0.776935690216
78 0.78160034383
79 0.81253529191
80 0.78015518561
81 0.79344136345
82 0.77594435215
83 0.815489241306
84 0.778524875641
85 0.784193888732
86 0.801519526589
87 0.786382389791
88 0.793193889075
89 0.76914725701
90 0.812079719135
91 0.770744070925
92 0.780948365436
93 0.78048398296
94 0.789337051265
95 0.782495556207
96 0.762413636726
97 0.806875828434
98 0.777775326679
99 0.791746293053
100 0.790594670922
101 0.802988767624
102 0.78993977966
103 0.791865638074
104 0.806545986849
105 0.793767362833
106 0.790279762819
107 0.795711401737
108 0.803443683311
109 0.771425678333
110 0.788615679368
111 0.795175591484
112 0.792489627312
113 0.805770537683
114 0.793150597811
115 0.81375338762
116 0.783002866639
117 0.785341383833
118 0.798188363352
119 0.781927237588
120 0.798355998737
