0 0.705215136856
0 1.0
0 1.0
0 0.760187533432
0 0.798484858099
0 0.701930472165
0 0.731134024772
0 0.670633355068
0 0.622434892569
0 0.646480392381
0 0.666733531044
1 0.629779167565
1 1.0
1 0.5
1 0.380093766716
1 0.47909091486
1 0.542080283203
1 0.488969620793
1 0.53125691578
1 0.493075446965
1 0.461673589817
1 0.492514310377
2 0.608858796639
2 1.0
2 0.5
2 0.619906233284
2 0.52090908514
2 0.457919716797
2 0.413054739702
2 0.461623921444
2 0.500317044948
2 0.532139705902
2 0.501653421636
3 0.677039783959
3 1.0
3 1.0
3 1.0
3 0.84030302838
3 0.738691905663
3 0.666318093808
3 0.61118088292
3 0.639125337953
3 0.662107894995
3 0.62417573305
4 0.674742794901
4 1.0
4 1.0
4 0.760187533432
4 0.63878788648
4 0.561544377732
4 0.506526708213
4 0.547361170326
4 0.57989235222
4 0.606647203681
4 0.629182385762
5 0.73510951448
5 1.0
5 1.0
5 1.0
5 0.84030302838
5 0.738691905663
5 0.666318093808
5 0.693929965378
5 0.715927238515
5 0.734018612423
5 0.749256686375
6 0.609323102088
6 1.0
6 1.0
6 0.760187533432
6 0.63878788648
6 0.561544377732
6 0.506526708213
6 0.464612087868
6 0.503090451658
6 0.534736486252
6 0.561391433405
7 0.73409580866
7 1.0
7 1.0
7 1.0
7 0.84030302838
7 0.738691905663
7 0.666318093808
7 0.693929965378
7 0.715927238515
7 0.734018612423
7 0.749256686375
8 0.709331525798
8 1.0
8 1.0
8 1.0
8 0.84030302838
8 0.738691905663
8 0.666318093808
8 0.61118088292
8 0.639125337953
8 0.662107894995
8 0.681465734017
9 0.668689582145
9 1.0
9 1.0
9 0.760187533432
9 0.63878788648
9 0.561544377732
9 0.506526708213
9 0.547361170326
9 0.57989235222
9 0.606647203681
9 0.629182385762
10 0.677328585435
10 1.0
10 1.0
10 1.0
10 0.84030302838
10 0.738691905663
10 0.666318093808
10 0.61118088292
10 0.639125337953
10 0.662107894995
10 0.681465734017
11 0.671305434021
11 1.0
11 1.0
11 0.760187533432
11 0.63878788648
11 0.561544377732
11 0.506526708213
11 0.547361170326
11 0.57989235222
11 0.606647203681
11 0.629182385762
12 0.746217006235
12 1.0
12 1.0
12 1.0
12 0.84030302838
12 0.738691905663
12 0.666318093808
12 0.693929965378
12 0.715927238515
12 0.734018612423
12 0.749256686375
13 0.615200531557
13 1.0
13 1.0
13 0.760187533432
13 0.63878788648
13 0.561544377732
13 0.506526708213
13 0.464612087868
13 0.503090451658
13 0.534736486252
13 0.561391433405
14 0.728443068971
14 1.0
14 1.0
14 1.0
14 0.84030302838
14 0.738691905663
14 0.666318093808
14 0.693929965378
14 0.715927238515
14 0.734018612423
14 0.749256686375
15 0.697286854203
15 1.0
15 1.0
15 1.0
15 0.84030302838
15 0.738691905663
15 0.666318093808
15 0.693929965378
15 0.644057173993
15 0.666725643583
15 0.685818931784
16 0.675107855712
16 1.0
16 1.0
16 0.760187533432
16 0.63878788648
16 0.561544377732
16 0.604502347719
16 0.637229415559
16 0.591431696348
16 0.617451656549
16 0.639367851516
17 0.665410148908
17 1.0
17 1.0
17 0.760187533432
17 0.798484858099
17 0.701930472165
17 0.731134024772
17 0.670633355068
17 0.622434892569
17 0.646480392381
17 0.666733531044
18 0.611592926274
18 1.0
18 0.5
18 0.380093766716
18 0.47909091486
18 0.421158283299
18 0.477870670666
18 0.438327311134
18 0.478694763524
18 0.511894454701
18 0.539858021864
19 0.686806381562
19 1.0
19 0.5
19 0.619906233284
19 0.68060605676
19 0.59830581123
19 0.637662056261
19 0.584896106187
19 0.614729649819
19 0.639265863443
19 0.602642321508
20 0.587610243412
20 1.0
20 0.5
20 0.619906233284
20 0.52090908514
20 0.457919716797
20 0.511030379207
20 0.551492166678
20 0.511856389075
20 0.4792584544
20 0.509091738051
21 0.701043513442
21 1.0
21 1.0
21 0.760187533432
21 0.798484858099
21 0.701930472165
21 0.731134024772
21 0.670633355068
21 0.694304957091
21 0.713773361222
21 0.672881284667
22 0.631147612142
22 1.0
22 0.5
22 0.380093766716
22 0.47909091486
22 0.542080283203
22 0.488969620793
22 0.53125691578
22 0.493075446965
22 0.525359294188
22 0.552551460683
23 0.635489081475
23 1.0
23 0.5
23 0.619906233284
23 0.52090908514
23 0.457919716797
23 0.511030379207
23 0.551492166678
23 0.511856389075
23 0.542944158771
23 0.569128888357
24 0.606713584955
24 1.0
24 0.5
24 0.619906233284
24 0.68060605676
24 0.59830581123
24 0.539686416755
24 0.495027860953
24 0.531320241169
24 0.561168441734
24 0.586309102132
25 0.688020574377
25 1.0
25 1.0
25 0.760187533432
25 0.63878788648
25 0.682466377636
25 0.713576937352
25 0.654529100523
25 0.607488051836
25 0.632485451729
25 0.653540360555
26 0.691911556315
26 1.0
26 0.5
26 0.619906233284
26 0.68060605676
26 0.719227811134
26 0.648761006388
26 0.595076628375
26 0.62417849722
26 0.648112954342
26 0.668272563529
27 0.621223696457
27 1.0
27 0.5
27 0.619906233284
27 0.68060605676
27 0.719227811134
27 0.648761006388
27 0.595076628375
27 0.552308432698
27 0.517134281131
27 0.544797658632
28 0.70410171156
28 1.0
28 1.0
28 0.760187533432
28 0.798484858099
28 0.822852472069
28 0.742232974899
28 0.680813877256
28 0.703753804492
28 0.722620452121
28 0.738511526687
29 0.647983503758
29 1.0
29 0.5
29 0.380093766716
29 0.47909091486
29 0.542080283203
29 0.586945260298
29 0.538376078556
29 0.499682955052
29 0.531545998469
29 0.55838372867
30 0.651741834476
30 1.0
30 0.5
30 0.619906233284
30 0.68060605676
30 0.719227811134
30 0.648761006388
30 0.595076628375
30 0.552308432698
30 0.580819985502
30 0.604834808938
31 0.611401701302
31 1.0
31 0.5
31 0.619906233284
31 0.68060605676
31 0.59830581123
31 0.539686416755
31 0.495027860953
31 0.531320241169
31 0.561168441734
31 0.586309102132
32 0.690904740824
32 1.0
32 1.0
32 0.760187533432
32 0.63878788648
32 0.682466377636
32 0.713576937352
32 0.654529100523
32 0.607488051836
32 0.632485451729
32 0.653540360555
33 0.696264115809
33 1.0
33 0.5
33 0.619906233284
33 0.68060605676
33 0.719227811134
33 0.648761006388
33 0.595076628375
33 0.62417849722
33 0.648112954342
33 0.668272563529
34 0.643084425109
34 1.0
34 0.5
34 0.619906233284
34 0.68060605676
34 0.719227811134
34 0.648761006388
34 0.595076628375
34 0.552308432698
34 0.580819985502
34 0.604834808938
35 0.636232854273
35 0.0
35 0.5
35 0.619906233284
35 0.68060605676
35 0.719227811134
35 0.648761006388
35 0.595076628375
35 0.552308432698
35 0.580819985502
35 0.604834808938
36 0.580290894004
36 0.0
36 0.0
36 0.239812466568
36 0.36121211352
36 0.438455622268
36 0.395497652281
36 0.362770584441
36 0.408568303652
36 0.446234047822
36 0.477959299758
37 0.669617694728
37 0.0
37 0.5
37 0.619906233284
37 0.68060605676
37 0.719227811134
37 0.746736645893
37 0.684944873608
37 0.635717841347
37 0.59523170284
37 0.618420878976
38 0.594542206918
38 0.0
38 0.5
38 0.619906233284
38 0.68060605676
38 0.59830581123
38 0.539686416755
38 0.495027860953
38 0.531320241169
38 0.561168441734
38 0.586309102132
39 0.672896184621
39 0.0
39 0.5
39 0.619906233284
39 0.68060605676
39 0.719227811134
39 0.648761006388
39 0.595076628375
39 0.62417849722
39 0.648112954342
39 0.668272563529
40 0.598391109195
40 0.0
40 0.0
40 0.239812466568
40 0.36121211352
40 0.438455622268
40 0.493473291787
40 0.452638829674
40 0.42010764778
40 0.457038500691
40 0.488144765511
41 0.63496989606
41 0.0
41 0.5
41 0.619906233284
41 0.68060605676
41 0.719227811134
41 0.648761006388
41 0.595076628375
41 0.552308432698
41 0.580819985502
41 0.604834808938
42 0.623492428857
42 0.0
42 0.5
42 0.619906233284
42 0.68060605676
42 0.719227811134
42 0.648761006388
42 0.595076628375
42 0.552308432698
42 0.580819985502
42 0.604834808938
43 0.580699442606
43 0.0
43 0.0
43 0.239812466568
43 0.36121211352
43 0.438455622268
43 0.395497652281
43 0.362770584441
43 0.408568303652
43 0.446234047822
43 0.477959299758
44 0.689075913136
44 0.0
44 0.5
44 0.619906233284
44 0.68060605676
44 0.719227811134
44 0.746736645893
44 0.684944873608
44 0.635717841347
44 0.658917407211
44 0.678458029282
45 0.578054957013
45 0.0
45 0.5
45 0.619906233284
45 0.68060605676
45 0.59830581123
45 0.539686416755
45 0.495027860953
45 0.459450176646
45 0.493875472894
45 0.522871347542
46 0.674253162688
46 0.0
46 0.5
46 0.619906233284
46 0.68060605676
46 0.719227811134
46 0.648761006388
46 0.595076628375
46 0.62417849722
46 0.648112954342
46 0.668272563529
47 0.586886377636
47 0.0
47 0.0
47 0.239812466568
47 0.36121211352
47 0.438455622268
47 0.493473291787
47 0.452638829674
47 0.42010764778
47 0.457038500691
47 0.488144765511
48 0.643859362966
48 0.0
48 0.5
48 0.619906233284
48 0.68060605676
48 0.719227811134
48 0.648761006388
48 0.595076628375
48 0.552308432698
48 0.580819985502
48 0.604834808938
49 0.625262597621
49 0.0
49 0.5
49 0.619906233284
49 0.68060605676
49 0.719227811134
49 0.648761006388
49 0.595076628375
49 0.552308432698
49 0.580819985502
49 0.604834808938
50 0.571625961845
50 0.0
50 0.0
50 0.239812466568
50 0.36121211352
50 0.438455622268
50 0.395497652281
50 0.362770584441
50 0.408568303652
50 0.446234047822
50 0.477959299758
51 0.697532612744
51 0.0
51 0.5
51 0.619906233284
51 0.68060605676
51 0.719227811134
51 0.746736645893
51 0.684944873608
51 0.635717841347
51 0.658917407211
51 0.678458029282
52 0.581189800597
52 0.0
52 0.5
52 0.619906233284
52 0.68060605676
52 0.59830581123
52 0.539686416755
52 0.495027860953
52 0.459450176646
52 0.493875472894
52 0.522871347542
53 0.670503858118
53 0.0
53 0.5
53 0.619906233284
53 0.68060605676
53 0.719227811134
53 0.648761006388
53 0.595076628375
53 0.62417849722
53 0.648112954342
53 0.668272563529
54 0.571701976378
54 0.0
54 0.0
54 0.239812466568
54 0.36121211352
54 0.438455622268
54 0.493473291787
54 0.452638829674
54 0.42010764778
54 0.457038500691
54 0.488144765511
55 0.65342750503
55 0.0
55 0.5
55 0.619906233284
55 0.68060605676
55 0.719227811134
55 0.648761006388
55 0.595076628375
55 0.552308432698
55 0.580819985502
55 0.604834808938
56 0.62398655106
56 0.0
56 0.5
56 0.619906233284
56 0.68060605676
56 0.719227811134
56 0.648761006388
56 0.595076628375
56 0.552308432698
56 0.580819985502
56 0.604834808938
57 0.567697222936
57 0.0
57 0.0
57 0.239812466568
57 0.36121211352
57 0.438455622268
57 0.395497652281
57 0.362770584441
57 0.408568303652
57 0.446234047822
57 0.477959299758
58 0.687210014412
58 0.0
58 0.5
58 0.619906233284
58 0.68060605676
58 0.719227811134
58 0.648761006388
58 0.595076628375
58 0.62417849722
58 0.648112954342
58 0.668272563529
59 0.600116961114
59 0.0
59 0.5
59 0.619906233284
59 0.68060605676
59 0.719227811134
59 0.648761006388
59 0.595076628375
59 0.552308432698
59 0.517134281131
59 0.544797658632
60 0.658830236263
60 0.0
60 0.5
60 0.619906233284
60 0.68060605676
60 0.719227811134
60 0.648761006388
60 0.595076628375
60 0.62417849722
60 0.648112954342
60 0.668272563529
61 0.582200766017
61 0.0
61 0.0
61 0.239812466568
61 0.36121211352
61 0.438455622268
61 0.493473291787
61 0.452638829674
61 0.42010764778
61 0.457038500691
61 0.488144765511
62 0.645989861256
62 0.0
62 0.5
62 0.619906233284
62 0.68060605676
62 0.719227811134
62 0.648761006388
62 0.595076628375
62 0.552308432698
62 0.580819985502
62 0.604834808938
63 0.599640556961
63 0.0
63 0.5
63 0.619906233284
63 0.68060605676
63 0.59830581123
63 0.539686416755
63 0.495027860953
63 0.531320241169
63 0.561168441734
63 0.586309102132
64 0.580025085952
64 0.0
64 0.0
64 0.239812466568
64 0.36121211352
64 0.438455622268
64 0.493473291787
64 0.452638829674
64 0.42010764778
64 0.457038500691
64 0.488144765511
65 0.683269582859
65 0.0
65 0.5
65 0.619906233284
65 0.68060605676
65 0.719227811134
65 0.648761006388
65 0.595076628375
65 0.62417849722
65 0.648112954342
65 0.668272563529
66 0.608278491739
66 0.0
66 0.5
66 0.619906233284
66 0.68060605676
66 0.719227811134
66 0.648761006388
66 0.595076628375
66 0.552308432698
66 0.517134281131
66 0.544797658632
67 0.651564391568
67 0.0
67 0.5
67 0.619906233284
67 0.68060605676
67 0.719227811134
67 0.648761006388
67 0.595076628375
67 0.62417849722
67 0.648112954342
67 0.668272563529
68 0.595458150385
68 0.0
68 0.0
68 0.239812466568
68 0.36121211352
68 0.438455622268
68 0.493473291787
68 0.452638829674
68 0.42010764778
68 0.457038500691
68 0.488144765511
69 0.642068203432
69 0.0
69 0.5
69 0.619906233284
69 0.68060605676
69 0.719227811134
69 0.648761006388
69 0.595076628375
69 0.552308432698
69 0.580819985502
69 0.604834808938
70 0.602836496289
70 0.0
70 0.5
70 0.619906233284
70 0.68060605676
70 0.59830581123
70 0.539686416755
70 0.495027860953
70 0.531320241169
70 0.561168441734
70 0.586309102132
71 0.575705429335
71 0.0
71 0.0
71 0.239812466568
71 0.36121211352
71 0.438455622268
71 0.493473291787
71 0.452638829674
71 0.42010764778
71 0.457038500691
71 0.488144765511
72 0.684504209883
72 0.0
72 0.5
72 0.619906233284
72 0.68060605676
72 0.719227811134
72 0.648761006388
72 0.595076628375
72 0.62417849722
72 0.648112954342
72 0.668272563529
73 0.626913000173
73 0.0
73 0.5
73 0.619906233284
73 0.68060605676
73 0.719227811134
73 0.648761006388
73 0.595076628375
73 0.552308432698
73 0.580819985502
73 0.604834808938
74 0.635320154177
74 0.0
74 0.5
74 0.619906233284
74 0.68060605676
74 0.719227811134
74 0.648761006388
74 0.595076628375
74 0.552308432698
74 0.580819985502
74 0.604834808938
75 0.576824409394
75 0.0
75 0.0
75 0.239812466568
75 0.36121211352
75 0.438455622268
75 0.395497652281
75 0.362770584441
75 0.408568303652
75 0.446234047822
75 0.477959299758
76 0.658731248105
76 0.0
76 0.5
76 0.619906233284
76 0.68060605676
76 0.719227811134
76 0.746736645893
76 0.684944873608
76 0.635717841347
76 0.59523170284
76 0.618420878976
77 0.590760172257
77 0.0
77 0.5
77 0.619906233284
77 0.68060605676
77 0.59830581123
77 0.539686416755
77 0.495027860953
77 0.531320241169
77 0.561168441734
77 0.586309102132
78 0.664449642928
78 0.0
78 0.5
78 0.619906233284
78 0.68060605676
78 0.719227811134
78 0.648761006388
78 0.595076628375
78 0.62417849722
78 0.648112954342
78 0.668272563529
79 0.589830610441
79 0.0
79 0.0
79 0.239812466568
79 0.36121211352
79 0.438455622268
79 0.493473291787
79 0.452638829674
79 0.42010764778
79 0.457038500691
79 0.488144765511
80 0.625688645516
80 0.0
80 0.5
80 0.619906233284
80 0.68060605676
80 0.719227811134
80 0.648761006388
80 0.595076628375
80 0.552308432698
80 0.580819985502
80 0.604834808938
81 0.623737758176
81 0.0
81 0.5
81 0.619906233284
81 0.68060605676
81 0.719227811134
81 0.648761006388
81 0.595076628375
81 0.552308432698
81 0.580819985502
81 0.604834808938
82 0.577722265245
82 0.0
82 0.0
82 0.239812466568
82 0.36121211352
82 0.438455622268
82 0.395497652281
82 0.362770584441
82 0.408568303652
82 0.446234047822
82 0.477959299758
83 0.682390122334
83 0.0
83 0.5
83 0.619906233284
83 0.68060605676
83 0.719227811134
83 0.746736645893
83 0.684944873608
83 0.635717841347
83 0.658917407211
83 0.678458029282
84 0.578165264593
84 0.0
84 0.5
84 0.619906233284
84 0.68060605676
84 0.59830581123
84 0.539686416755
84 0.495027860953
84 0.459450176646
84 0.493875472894
84 0.522871347542
85 0.669689489264
85 0.0
85 0.5
85 0.619906233284
85 0.68060605676
85 0.719227811134
85 0.648761006388
85 0.595076628375
85 0.62417849722
85 0.648112954342
85 0.668272563529
86 0.581792927976
86 0.0
86 0.0
86 0.239812466568
86 0.36121211352
86 0.438455622268
86 0.493473291787
86 0.452638829674
86 0.42010764778
86 0.457038500691
86 0.488144765511
87 0.633788550832
87 0.0
87 0.5
87 0.619906233284
87 0.68060605676
87 0.719227811134
87 0.648761006388
87 0.595076628375
87 0.552308432698
87 0.580819985502
87 0.604834808938
88 0.622839699786
88 0.0
88 0.5
88 0.619906233284
88 0.68060605676
88 0.719227811134
88 0.648761006388
88 0.595076628375
88 0.552308432698
88 0.580819985502
88 0.604834808938
89 0.563835301986
89 0.0
89 0.0
89 0.239812466568
89 0.36121211352
89 0.438455622268
89 0.395497652281
89 0.362770584441
89 0.408568303652
89 0.446234047822
89 0.477959299758
90 0.692264349273
90 0.0
90 0.5
90 0.619906233284
90 0.68060605676
90 0.719227811134
90 0.746736645893
90 0.684944873608
90 0.635717841347
90 0.658917407211
90 0.678458029282
91 0.579570966877
91 0.0
91 0.5
91 0.619906233284
91 0.68060605676
91 0.59830581123
91 0.539686416755
91 0.495027860953
91 0.459450176646
91 0.493875472894
91 0.522871347542
92 0.666302942666
92 0.0
92 0.5
92 0.619906233284
92 0.68060605676
92 0.719227811134
92 0.648761006388
92 0.677825710833
92 0.62911033326
92 0.65273070293
92 0.672625761295
93 0.570265853823
93 0.0
93 0.0
93 0.239812466568
93 0.36121211352
93 0.438455622268
93 0.493473291787
93 0.452638829674
93 0.491977712302
93 0.46064576516
93 0.491545369796
94 0.649016826401
94 0.0
94 0.5
94 0.619906233284
94 0.68060605676
94 0.719227811134
94 0.648761006388
94 0.677825710833
94 0.700980397783
94 0.656337967399
94 0.618736364612
95 0.624329164729
95 0.0
95 0.5
95 0.619906233284
95 0.68060605676
95 0.719227811134
95 0.648761006388
95 0.595076628375
95 0.62417849722
95 0.584427249971
95 0.608235413223
96 0.561876416548
96 0.0
96 0.0
96 0.239812466568
96 0.36121211352
96 0.438455622268
96 0.395497652281
96 0.445519666899
96 0.413500139692
96 0.45085179641
96 0.482312497525
97 0.686050988097
97 0.0
97 0.5
97 0.619906233284
97 0.68060605676
97 0.719227811134
97 0.648761006388
97 0.677825710833
97 0.700980397783
97 0.720023671771
97 0.678773514918
98 0.603814067221
98 0.0
98 0.5
98 0.619906233284
98 0.68060605676
98 0.719227811134
98 0.648761006388
98 0.595076628375
98 0.62417849722
98 0.648112954342
98 0.610982562561
99 0.665225409249
99 0.0
99 0.5
99 0.619906233284
99 0.68060605676
99 0.719227811134
99 0.648761006388
99 0.677825710833
99 0.700980397783
99 0.720023671771
99 0.678773514918
100 0.583076460877
100 0.0
100 0.0
100 0.239812466568
100 0.36121211352
100 0.438455622268
100 0.493473291787
100 0.452638829674
100 0.491977712302
100 0.524331469531
100 0.494292519134
101 0.652776277877
101 0.0
101 0.5
101 0.619906233284
101 0.68060605676
101 0.719227811134
101 0.648761006388
101 0.677825710833
101 0.700980397783
101 0.720023671771
101 0.678773514918
102 0.603171099523
102 0.0
102 0.5
102 0.619906233284
102 0.68060605676
102 0.59830581123
102 0.539686416755
102 0.577776943411
102 0.608122141731
102 0.569393454791
102 0.594062904183
103 0.578256567235
103 0.0
103 0.0
103 0.239812466568
103 0.36121211352
103 0.438455622268
103 0.493473291787
103 0.452638829674
103 0.491977712302
103 0.524331469531
103 0.551582520102
104 0.682821828422
104 0.0
104 0.5
104 0.619906233284
104 0.68060605676
104 0.719227811134
104 0.648761006388
104 0.677825710833
104 0.700980397783
104 0.656337967399
104 0.67602636558
105 0.612617977947
105 0.0
105 0.5
105 0.619906233284
105 0.68060605676
105 0.719227811134
105 0.648761006388
105 0.595076628375
105 0.62417849722
105 0.648112954342
105 0.668272563529
106 0.653190217514
106 0.0
106 0.5
106 0.619906233284
106 0.68060605676
106 0.719227811134
106 0.648761006388
106 0.677825710833
106 0.700980397783
106 0.656337967399
106 0.67602636558
107 0.596112509128
107 0.0
107 0.0
107 0.239812466568
107 0.36121211352
107 0.438455622268
107 0.493473291787
107 0.452638829674
107 0.491977712302
107 0.524331469531
107 0.551582520102
108 0.643562889992
108 0.0
108 0.5
108 0.619906233284
108 0.68060605676
108 0.719227811134
108 0.648761006388
108 0.677825710833
108 0.700980397783
108 0.720023671771
108 0.678773514918
109 0.606772573809
109 0.0
109 0.5
109 0.619906233284
109 0.68060605676
109 0.59830581123
109 0.539686416755
109 0.577776943411
109 0.608122141731
109 0.569393454791
109 0.594062904183
110 0.572159018312
110 0.0
110 0.0
110 0.239812466568
110 0.36121211352
110 0.438455622268
110 0.493473291787
110 0.452638829674
110 0.491977712302
110 0.524331469531
110 0.551582520102
111 0.684236881608
111 0.0
111 0.5
111 0.619906233284
111 0.68060605676
111 0.719227811134
111 0.648761006388
111 0.677825710833
111 0.700980397783
111 0.656337967399
111 0.67602636558
112 0.631411108714
112 0.0
112 0.5
112 0.619906233284
112 0.68060605676
112 0.719227811134
112 0.648761006388
112 0.677825710833
112 0.700980397783
112 0.720023671771
112 0.678773514918
113 0.631157960385
113 0.0
113 0.5
113 0.619906233284
113 0.68060605676
113 0.719227811134
113 0.648761006388
113 0.595076628375
113 0.62417849722
113 0.648112954342
113 0.610982562561
114 0.577045609902
114 0.0
114 0.0
114 0.239812466568
114 0.36121211352
114 0.438455622268
114 0.395497652281
114 0.445519666899
114 0.485370204215
114 0.51814476525
114 0.488460251147
115 0.665595375488
115 0.0
115 0.5
115 0.619906233284
115 0.68060605676
115 0.719227811134
115 0.746736645893
115 0.684944873608
115 0.70758790587
115 0.726210376051
115 0.741895783872
116 0.59563856626
116 0.0
116 0.5
116 0.619906233284
116 0.68060605676
116 0.59830581123
116 0.539686416755
116 0.577776943411
116 0.608122141731
116 0.569393454791
116 0.594062904183
117 0.666133312661
117 0.0
117 0.5
117 0.619906233284
117 0.68060605676
117 0.719227811134
117 0.648761006388
117 0.677825710833
117 0.700980397783
117 0.720023671771
117 0.678773514918
118 0.595254556566
118 0.0
118 0.0
118 0.239812466568
118 0.36121211352
118 0.438455622268
118 0.493473291787
118 0.452638829674
118 0.491977712302
118 0.524331469531
118 0.494292519134
119 0.6317149265
119 0.0
119 0.5
119 0.619906233284
119 0.68060605676
119 0.719227811134
119 0.648761006388
119 0.677825710833
119 0.700980397783
119 0.720023671771
119 0.678773514918
120 0.622674430686
120 0.0
120 0.5
120 0.619906233284
120 0.68060605676
120 0.719227811134
120 0.648761006388
120 0.595076628375
120 0.62417849722
120 0.648112954342
120 0.610982562561
