0 0.612500011921
1 0.587499976158
2 0.625
3 0.662500023842
4 0.637499988079
5 0.649999976158
6 0.649999976158
7 0.649999976158
8 0.662500023842
9 0.587499976158
10 0.675000011921
11 0.675000011921
12 0.675000011921
13 0.625
14 0.662500023842
15 0.699999988079
16 0.625
17 0.5625
18 0.6875
19 0.649999976158
20 0.612500011921
21 0.625
22 0.699999988079
23 0.637499988079
24 0.649999976158
25 0.600000023842
26 0.712499976158
27 0.649999976158
28 0.625
29 0.675000011921
30 0.725000023842
31 0.649999976158
32 0.625
33 0.637499988079
34 0.712499976158
35 0.6875
36 0.637499988079
37 0.675000011921
38 0.787500023842
39 0.699999988079
40 0.725000023842
41 0.675000011921
42 0.737500011921
43 0.662500023842
44 0.649999976158
45 0.637499988079
46 0.762499988079
47 0.649999976158
48 0.725000023842
49 0.662500023842
50 0.787500023842
51 0.75
52 0.712499976158
53 0.6875
54 0.762499988079
55 0.675000011921
56 0.699999988079
57 0.649999976158
58 0.737500011921
59 0.649999976158
60 0.637499988079
61 0.675000011921
62 0.737500011921
63 0.6875
64 0.6875
65 0.625
66 0.699999988079
67 0.612500011921
68 0.6875
69 0.662500023842
70 0.774999976158
71 0.699999988079
72 0.6875
73 0.699999988079
74 0.762499988079
75 0.637499988079
76 0.6875
77 0.637499988079
78 0.762499988079
79 0.6875
80 0.637499988079
81 0.6875
82 0.787500023842
83 0.712499976158
84 0.637499988079
85 0.712499976158
86 0.725000023842
87 0.6875
88 0.649999976158
89 0.662500023842
90 0.8125
91 0.662500023842
92 0.649999976158
93 0.699999988079
94 0.737500011921
95 0.699999988079
96 0.6875
97 0.75
98 0.762499988079
99 0.6875
100 0.699999988079
101 0.712499976158
102 0.787500023842
103 0.725000023842
104 0.699999988079
105 0.725000023842
106 0.8125
107 0.75
108 0.737500011921
109 0.75
110 0.787500023842
111 0.737500011921
112 0.725000023842
113 0.75
114 0.787500023842
115 0.75
116 0.6875
117 0.675000011921
118 0.762499988079
119 0.712499976158
120 0.675000011921
