0 0.706980526447
1 0.677826762199
2 0.69054299593
3 0.631614506245
4 0.661314427853
5 0.643053114414
6 0.595690369606
7 0.678087592125
8 0.644277095795
9 0.704836308956
10 0.596305251122
11 0.663167357445
12 0.660226166248
13 0.652728378773
14 0.614207148552
15 0.603904545307
16 0.640376031399
17 0.664059400558
18 0.578885912895
19 0.62508136034
20 0.670862019062
21 0.64208137989
22 0.573021054268
23 0.651621341705
24 0.663553833961
25 0.653417170048
26 0.553319633007
27 0.599246501923
28 0.691339313984
29 0.629376590252
30 0.551785767078
31 0.626154780388
32 0.638891339302
33 0.655839264393
34 0.562800884247
35 0.600118935108
36 0.635306060314
37 0.613147437572
38 0.526326537132
39 0.58362942934
40 0.626915812492
41 0.625100970268
42 0.54166829586
43 0.632464706898
44 0.580055356026
45 0.638358712196
46 0.537065982819
47 0.615579545498
48 0.550097346306
49 0.671982884407
50 0.532405257225
51 0.590859115124
52 0.560447216034
53 0.634754776955
54 0.524005293846
55 0.620497703552
56 0.578758597374
57 0.606261134148
58 0.556409955025
59 0.591384768486
60 0.584013819695
61 0.617981910706
62 0.532548248768
63 0.601136088371
64 0.58087682724
65 0.615009486675
66 0.584254920483
67 0.599945425987
68 0.569388687611
69 0.616040945053
70 0.540005981922
71 0.623395323753
72 0.54336220026
73 0.581174850464
74 0.528050899506
75 0.627010822296
76 0.559647083282
77 0.606566905975
78 0.524524986744
79 0.629143595695
80 0.560409843922
81 0.56441372633
82 0.539516925812
83 0.555209159851
84 0.580808758736
85 0.587493896484
86 0.541266322136
87 0.561279773712
88 0.590450942516
89 0.586282730103
90 0.505799949169
91 0.567407011986
92 0.590051651001
93 0.59511256218
94 0.512877583504
95 0.577756404877
96 0.62495136261
97 0.562830150127
98 0.518305420876
99 0.570554554462
100 0.561260163784
101 0.555080890656
102 0.497397601604
103 0.535058438778
104 0.551624774933
105 0.574856758118
106 0.48441106081
107 0.519000589848
108 0.569883048534
109 0.581905782223
110 0.473753631115
111 0.519352257252
112 0.56004524231
113 0.592015981674
114 0.479988902807
115 0.539333701134
116 0.568539261818
117 0.60863673687
118 0.516939938068
119 0.546392738819
120 0.546393573284
