0 0.647105574608
1 0.664844512939
2 0.673205693563
3 0.66418042779
4 0.665144503117
5 0.668862938881
6 0.660142609051
7 0.657521426678
8 0.657578958405
9 0.65683144927
10 0.655168452046
11 0.650768443942
12 0.649692856348
13 0.648789137602
14 0.643410718441
15 0.637413870543
16 0.635872479747
17 0.634371830357
18 0.630811575212
19 0.627644467354
20 0.628788167522
21 0.626598041166
22 0.620445666106
23 0.619767268499
24 0.618994307518
25 0.61769254391
26 0.613434820263
27 0.611255015646
28 0.609724597684
29 0.607715882858
30 0.60407468965
31 0.60249825567
32 0.602791322
33 0.601276774617
34 0.596777221986
35 0.595936766101
36 0.594660415037
37 0.593586219769
38 0.590398601997
39 0.590169304609
40 0.58914341723
41 0.588985272816
42 0.585055404624
43 0.583628378808
44 0.581714789735
45 0.581930205226
46 0.578609663755
47 0.577848677213
48 0.57512429539
49 0.574568891525
50 0.571848343985
51 0.570208025093
52 0.567759103932
53 0.565717449343
54 0.563023318486
55 0.561907847545
56 0.559860833381
57 0.55824414615
58 0.556089661384
59 0.554183247189
60 0.5516758097
61 0.549919382699
62 0.547308682922
63 0.545221166685
64 0.543416726589
65 0.541764952017
66 0.539142822152
67 0.537378158201
68 0.534842449686
69 0.532949250085
70 0.530193260018
71 0.528704424285
72 0.525977206149
73 0.523424968526
74 0.52134857734
75 0.520612836276
76 0.518521819796
77 0.516472930327
78 0.514276670127
79 0.512685252726
80 0.510285918727
81 0.508902269893
82 0.506722914167
83 0.504712099476
84 0.502672530272
85 0.5003626506
86 0.498919374984
87 0.497091073543
88 0.494389291895
89 0.491877072056
90 0.490104990346
91 0.488742689076
92 0.486147009557
93 0.484257272266
94 0.482471995918
95 0.48030966334
96 0.478488298728
97 0.476569061681
98 0.4750413413
99 0.473064921796
100 0.471029512658
101 0.469085100819
102 0.467306416301
103 0.465720519137
104 0.463491246814
105 0.461974612666
106 0.460493396933
107 0.458841294878
108 0.457115392346
109 0.455745685642
110 0.454431970109
111 0.452823810279
112 0.450903223943
113 0.449548334668
114 0.447672543966
115 0.445927662454
116 0.443835782317
117 0.441885710268
118 0.44014123558
119 0.438786307226
120 0.436968569913
