0 0.662500023842
1 0.625
2 0.600000003974
3 0.609375
4 0.617499995232
5 0.61666666468
6 0.626785712583
7 0.62656249851
8 0.627777775129
9 0.627499997616
10 0.631818180734
11 0.634375000993
12 0.632692309526
13 0.634821431977
14 0.64166667064
15 0.646875005215
16 0.648529417375
17 0.645833339956
18 0.646052636598
19 0.649375003576
20 0.649404764175
21 0.653409093618
22 0.659782611805
23 0.65885416915
24 0.659500002861
25 0.660096157056
26 0.664351854059
27 0.666964288269
28 0.668103450331
29 0.670416669051
30 0.674193551463
31 0.676171878353
32 0.676136367249
33 0.678308827036
34 0.682500003065
35 0.682638891869
36 0.683783787328
37 0.684210529453
38 0.686538463984
39 0.686875002086
40 0.688109758424
41 0.687797621602
42 0.692151165286
43 0.693750002167
44 0.695555557145
45 0.695380436338
46 0.698404256334
47 0.698958334823
48 0.700510205055
49 0.701500000954
50 0.703921569329
51 0.705769231686
52 0.708726416219
53 0.71018518673
54 0.711818183552
55 0.711607144347
56 0.712719299291
57 0.714655173236
58 0.71673728854
59 0.718541666865
60 0.720286885246
61 0.720967741743
62 0.723412698223
63 0.725195311941
64 0.725961537545
65 0.72670454419
66 0.728358207354
67 0.729779410012
68 0.731702896996
69 0.733392855951
70 0.735739435109
71 0.736111109455
72 0.738184929711
73 0.740033782012
74 0.741999998093
75 0.742269734803
76 0.743344153677
77 0.744391023349
78 0.74572784614
79 0.747031248361
80 0.748302467811
81 0.749237803424
82 0.751054215144
83 0.752232141438
84 0.753235292435
85 0.754651161127
86 0.756034481114
87 0.757102271373
88 0.758707863561
89 0.760138887167
90 0.761126372185
91 0.762364129009
92 0.76397849347
93 0.764893616134
94 0.766184209522
95 0.767447915549
96 0.768685565781
97 0.769770406947
98 0.770959594635
99 0.772124998569
100 0.773267325198
101 0.774387253266
102 0.775606794265
103 0.776562498166
104 0.777738093195
105 0.778773582769
106 0.779439250442
107 0.780208331567
108 0.781077979902
109 0.781931816448
110 0.782770268552
111 0.78381696237
112 0.785066369888
113 0.785635963344
114 0.786739129087
115 0.78793103325
116 0.789209400487
117 0.79014830367
118 0.791071426969
119 0.791458331545
120 0.79245867611
